Protein_1,Protein_2,LIS,LIA,ipTM,Confidence,pTM,pLDDT,Model,Recycle,saved folder,pdb,pkl
A,B,0.4,291,0.111,0.137,0.24,36.94,1,0,/groups/scienceai/kcd635/AF2/predictions/ppi_benchmark/cml2_human___2945,unrelaxed_model_1_multimer_v3_pred_0.pdb,result_model_1_multimer_v3_pred_0.pkl
A,B,0.431,3129,0.106,0.145,0.299,39.72,1,0,/groups/scienceai/kcd635/AF2/predictions/ppi_benchmark/v1ar_human___821,unrelaxed_model_1_multimer_v3_pred_0.pdb,result_model_1_multimer_v3_pred_0.pkl
A,B,0.348,30,0.107,0.137,0.257,38.2,1,0,/groups/scienceai/kcd635/AF2/predictions/ppi_benchmark/galr2_human___5654,unrelaxed_model_1_multimer_v3_pred_0.pdb,result_model_1_multimer_v3_pred_0.pkl
A,B,0.379,35,0.117,0.143,0.246,38.88,1,0,/groups/scienceai/kcd635/AF2/predictions/ppi_benchmark/mc3r_human___1333,unrelaxed_model_1_multimer_v3_pred_0.pdb,result_model_1_multimer_v3_pred_0.pkl
A,B,0.356,36,0.115,0.138,0.233,36.72,1,0,/groups/scienceai/kcd635/AF2/predictions/ppi_benchmark/ackr2_human___646,unrelaxed_model_1_multimer_v3_pred_0.pdb,result_model_1_multimer_v3_pred_0.pkl
A,B,0.34,32,0.113,0.141,0.255,38.03,1,0,/groups/scienceai/kcd635/AF2/predictions/ppi_benchmark/npsr1_human___5654,unrelaxed_model_1_multimer_v3_pred_0.pdb,result_model_1_multimer_v3_pred_0.pkl
A,B,0.329,32,0.114,0.144,0.265,36.3,1,0,/groups/scienceai/kcd635/AF2/predictions/ppi_benchmark/gpr39_human___1579,unrelaxed_model_1_multimer_v3_pred_0.pdb,result_model_1_multimer_v3_pred_0.pkl
A,B,0.349,37,0.183,0.189,0.214,37.62,1,0,/groups/scienceai/kcd635/AF2/predictions/ppi_benchmark/calcr_human___3935,unrelaxed_model_1_multimer_v3_pred_0.pdb,result_model_1_multimer_v3_pred_0.pkl
A,B,0.363,62,0.125,0.146,0.233,37.8,1,0,/groups/scienceai/kcd635/AF2/predictions/ppi_benchmark/mrgx2_human___4057,unrelaxed_model_1_multimer_v3_pred_0.pdb,result_model_1_multimer_v3_pred_0.pkl
A,B,0.297,50,0.095,0.119,0.218,37.7,1,0,/groups/scienceai/kcd635/AF2/predictions/ppi_benchmark/ccr6_human___5654,unrelaxed_model_1_multimer_v3_pred_0.pdb,result_model_1_multimer_v3_pred_0.pkl
A,B,0.54,217,0.263,0.265,0.272,36.53,1,0,/groups/scienceai/kcd635/AF2/predictions/ppi_benchmark/g37l1_human___613,unrelaxed_model_1_multimer_v3_pred_0.pdb,result_model_1_multimer_v3_pred_0.pkl
A,B,0.323,34,0.11,0.129,0.208,36.78,1,0,/groups/scienceai/kcd635/AF2/predictions/ppi_benchmark/fpr1_human___2019,unrelaxed_model_1_multimer_v3_pred_0.pdb,result_model_1_multimer_v3_pred_0.pkl
A,B,0.35,38,0.092,0.119,0.227,36.03,1,0,/groups/scienceai/kcd635/AF2/predictions/ppi_benchmark/oprk_human___5654,unrelaxed_model_1_multimer_v3_pred_0.pdb,result_model_1_multimer_v3_pred_0.pkl
A,B,0.449,130,0.197,0.205,0.237,36.44,1,0,/groups/scienceai/kcd635/AF2/predictions/ppi_benchmark/glr_human___1136,unrelaxed_model_1_multimer_v3_pred_0.pdb,result_model_1_multimer_v3_pred_0.pkl
A,B,0.348,31,0.125,0.144,0.219,36.28,1,0,/groups/scienceai/kcd635/AF2/predictions/ppi_benchmark/calcr_human___1152,unrelaxed_model_1_multimer_v3_pred_0.pdb,result_model_1_multimer_v3_pred_0.pkl
A,B,0.29,133,0.092,0.12,0.229,37.03,1,0,/groups/scienceai/kcd635/AF2/predictions/ppi_benchmark/ccr8_human___1152,unrelaxed_model_1_multimer_v3_pred_0.pdb,result_model_1_multimer_v3_pred_0.pkl
A,B,0.44,303,0.1,0.13,0.248,36.97,1,0,/groups/scienceai/kcd635/AF2/predictions/ppi_benchmark/ssr2_human___2270,unrelaxed_model_1_multimer_v3_pred_0.pdb,result_model_1_multimer_v3_pred_0.pkl
A,B,0.353,30,0.134,0.154,0.232,36.78,1,0,/groups/scienceai/kcd635/AF2/predictions/ppi_benchmark/oprm_human___2019,unrelaxed_model_1_multimer_v3_pred_0.pdb,result_model_1_multimer_v3_pred_0.pkl
A,B,0.22,6155,0.09,0.145,0.365,43.97,1,0,/groups/scienceai/kcd635/AF2/predictions/ppi_benchmark/hrh4_human___758,unrelaxed_model_1_multimer_v3_pred_0.pdb,result_model_1_multimer_v3_pred_0.pkl
A,B,0.488,191,0.131,0.147,0.208,37.44,1,0,/groups/scienceai/kcd635/AF2/predictions/ppi_benchmark/cxcr1_human___821,unrelaxed_model_1_multimer_v3_pred_0.pdb,result_model_1_multimer_v3_pred_0.pkl
A,B,0.383,31,0.097,0.122,0.221,37.2,1,0,/groups/scienceai/kcd635/AF2/predictions/ppi_benchmark/ox2r_human___5654,unrelaxed_model_1_multimer_v3_pred_0.pdb,result_model_1_multimer_v3_pred_0.pkl
A,B,0.163,274,0.126,0.148,0.234,38.66,1,0,/groups/scienceai/kcd635/AF2/predictions/ppi_benchmark/cml1_human___574,unrelaxed_model_1_multimer_v3_pred_0.pdb,result_model_1_multimer_v3_pred_0.pkl
A,B,0.432,90,0.138,0.156,0.231,35.8,1,0,/groups/scienceai/kcd635/AF2/predictions/ppi_benchmark/glp1r_human___1157,unrelaxed_model_1_multimer_v3_pred_0.pdb,result_model_1_multimer_v3_pred_0.pkl
A,B,0.326,167,0.092,0.125,0.259,39.0,1,0,/groups/scienceai/kcd635/AF2/predictions/ppi_benchmark/ackr4_human___1099,unrelaxed_model_1_multimer_v3_pred_0.pdb,result_model_1_multimer_v3_pred_0.pkl
A,B,0.353,33,0.082,0.114,0.243,38.5,1,0,/groups/scienceai/kcd635/AF2/predictions/ppi_benchmark/ur2r_human___1152,unrelaxed_model_1_multimer_v3_pred_0.pdb,result_model_1_multimer_v3_pred_0.pkl
A,B,0.363,38,0.159,0.185,0.291,41.6,1,0,/groups/scienceai/kcd635/AF2/predictions/ppi_benchmark/prlhr_human___2090,unrelaxed_model_1_multimer_v3_pred_0.pdb,result_model_1_multimer_v3_pred_0.pkl
A,B,0.361,726,0.091,0.118,0.228,37.56,1,0,/groups/scienceai/kcd635/AF2/predictions/ppi_benchmark/mc5r_human___2270,unrelaxed_model_1_multimer_v3_pred_0.pdb,result_model_1_multimer_v3_pred_0.pkl
A,B,0.363,32,0.111,0.132,0.214,36.34,1,0,/groups/scienceai/kcd635/AF2/predictions/ppi_benchmark/ox1r_human___1157,unrelaxed_model_1_multimer_v3_pred_0.pdb,result_model_1_multimer_v3_pred_0.pkl
A,B,0.354,31,0.097,0.125,0.24,34.94,1,0,/groups/scienceai/kcd635/AF2/predictions/ppi_benchmark/ntr1_human___2270,unrelaxed_model_1_multimer_v3_pred_0.pdb,result_model_1_multimer_v3_pred_0.pkl
A,B,0.401,393,0.119,0.145,0.247,36.8,1,0,/groups/scienceai/kcd635/AF2/predictions/ppi_benchmark/v2r_human___771,unrelaxed_model_1_multimer_v3_pred_0.pdb,result_model_1_multimer_v3_pred_0.pkl
A,B,0.378,39,0.119,0.138,0.212,35.75,1,0,/groups/scienceai/kcd635/AF2/predictions/ppi_benchmark/npy2r_human___1504,unrelaxed_model_1_multimer_v3_pred_0.pdb,result_model_1_multimer_v3_pred_0.pkl
A,B,0.433,2996,0.101,0.141,0.301,39.78,1,0,/groups/scienceai/kcd635/AF2/predictions/ppi_benchmark/v1ar_human___819,unrelaxed_model_1_multimer_v3_pred_0.pdb,result_model_1_multimer_v3_pred_0.pkl
A,B,0.373,79,0.124,0.144,0.222,35.28,1,0,/groups/scienceai/kcd635/AF2/predictions/ppi_benchmark/nmur2_human___1047,unrelaxed_model_1_multimer_v3_pred_0.pdb,result_model_1_multimer_v3_pred_0.pkl
A,B,0.355,35,0.113,0.14,0.25,38.1,1,0,/groups/scienceai/kcd635/AF2/predictions/ppi_benchmark/cxcr4_human___5654,unrelaxed_model_1_multimer_v3_pred_0.pdb,result_model_1_multimer_v3_pred_0.pkl
A,B,0.526,109,0.118,0.136,0.208,33.97,1,0,/groups/scienceai/kcd635/AF2/predictions/ppi_benchmark/ednra_human___1623,unrelaxed_model_1_multimer_v3_pred_0.pdb,result_model_1_multimer_v3_pred_0.pkl
A,B,0.242,483,0.112,0.134,0.221,36.47,1,0,/groups/scienceai/kcd635/AF2/predictions/ppi_benchmark/ccr4_human___754,unrelaxed_model_1_multimer_v3_pred_0.pdb,result_model_1_multimer_v3_pred_0.pkl
A,B,0.292,49,0.145,0.159,0.218,34.6,1,0,/groups/scienceai/kcd635/AF2/predictions/ppi_benchmark/ednra_human___989,unrelaxed_model_1_multimer_v3_pred_0.pdb,result_model_1_multimer_v3_pred_0.pkl
A,B,0.211,248,0.176,0.181,0.2,34.2,1,0,/groups/scienceai/kcd635/AF2/predictions/ppi_benchmark/cckar_human___798,unrelaxed_model_1_multimer_v3_pred_0.pdb,result_model_1_multimer_v3_pred_0.pkl
A,B,0.376,28,0.118,0.143,0.242,37.84,1,0,/groups/scienceai/kcd635/AF2/predictions/ppi_benchmark/ssr2_human___1623,unrelaxed_model_1_multimer_v3_pred_0.pdb,result_model_1_multimer_v3_pred_0.pkl
A,B,0.323,38,0.1,0.126,0.23,35.1,1,0,/groups/scienceai/kcd635/AF2/predictions/ppi_benchmark/gasr_human___2270,unrelaxed_model_1_multimer_v3_pred_0.pdb,result_model_1_multimer_v3_pred_0.pkl
A,B,0.49,307,0.099,0.117,0.189,35.03,1,0,/groups/scienceai/kcd635/AF2/predictions/ppi_benchmark/fpr1_human___687,unrelaxed_model_1_multimer_v3_pred_0.pdb,result_model_1_multimer_v3_pred_0.pkl
A,B,0.365,458,0.104,0.14,0.283,38.75,1,0,/groups/scienceai/kcd635/AF2/predictions/ppi_benchmark/npbw1_human___3594,unrelaxed_model_1_multimer_v3_pred_0.pdb,result_model_1_multimer_v3_pred_0.pkl
A,B,0.475,500,0.16,0.172,0.221,42.2,1,0,/groups/scienceai/kcd635/AF2/predictions/ppi_benchmark/mrgx2_human___574,unrelaxed_model_1_multimer_v3_pred_0.pdb,result_model_1_multimer_v3_pred_0.pkl
A,B,0.364,101,0.145,0.16,0.219,35.3,1,0,/groups/scienceai/kcd635/AF2/predictions/ppi_benchmark/ednrb_human___1004,unrelaxed_model_1_multimer_v3_pred_0.pdb,result_model_1_multimer_v3_pred_0.pkl
A,B,0.365,84,0.102,0.129,0.237,39.72,1,0,/groups/scienceai/kcd635/AF2/predictions/ppi_benchmark/ccr10_human___1514,unrelaxed_model_1_multimer_v3_pred_0.pdb,result_model_1_multimer_v3_pred_0.pkl
A,B,0.332,31,0.116,0.144,0.258,37.25,1,0,/groups/scienceai/kcd635/AF2/predictions/ppi_benchmark/pkr2_human___1871,unrelaxed_model_1_multimer_v3_pred_0.pdb,result_model_1_multimer_v3_pred_0.pkl
A,B,0.34,36,0.132,0.155,0.249,35.62,1,0,/groups/scienceai/kcd635/AF2/predictions/ppi_benchmark/crfr1_human___1470,unrelaxed_model_1_multimer_v3_pred_0.pdb,result_model_1_multimer_v3_pred_0.pkl
A,B,0.366,34,0.156,0.175,0.251,36.5,1,0,/groups/scienceai/kcd635/AF2/predictions/ppi_benchmark/ssr1_human___921,unrelaxed_model_1_multimer_v3_pred_0.pdb,result_model_1_multimer_v3_pred_0.pkl
A,B,0.357,92,0.149,0.177,0.289,39.9,1,0,/groups/scienceai/kcd635/AF2/predictions/ppi_benchmark/agtr1_human___585,unrelaxed_model_1_multimer_v3_pred_0.pdb,result_model_1_multimer_v3_pred_0.pkl
A,B,0.322,91,0.15,0.165,0.223,36.78,1,0,/groups/scienceai/kcd635/AF2/predictions/ppi_benchmark/ox1r_human___612,unrelaxed_model_1_multimer_v3_pred_0.pdb,result_model_1_multimer_v3_pred_0.pkl
A,B,0.377,57,0.126,0.149,0.241,36.2,1,0,/groups/scienceai/kcd635/AF2/predictions/ppi_benchmark/npy4r_human___1283,unrelaxed_model_1_multimer_v3_pred_0.pdb,result_model_1_multimer_v3_pred_0.pkl
A,B,0.42,272,0.105,0.133,0.246,36.06,1,0,/groups/scienceai/kcd635/AF2/predictions/ppi_benchmark/fpr3_human___574,unrelaxed_model_1_multimer_v3_pred_0.pdb,result_model_1_multimer_v3_pred_0.pkl
A,B,0.321,810,0.075,0.113,0.266,38.12,1,0,/groups/scienceai/kcd635/AF2/predictions/ppi_benchmark/acthr_human___3633,unrelaxed_model_1_multimer_v3_pred_0.pdb,result_model_1_multimer_v3_pred_0.pkl
A,B,0.316,95,0.167,0.178,0.221,36.94,1,0,/groups/scienceai/kcd635/AF2/predictions/ppi_benchmark/cxcr1_human___819,unrelaxed_model_1_multimer_v3_pred_0.pdb,result_model_1_multimer_v3_pred_0.pkl
A,B,0.185,809,0.107,0.132,0.234,39.22,1,0,/groups/scienceai/kcd635/AF2/predictions/ppi_benchmark/gipr_human___3643,unrelaxed_model_1_multimer_v3_pred_0.pdb,result_model_1_multimer_v3_pred_0.pkl
A,B,0.366,35,0.087,0.115,0.227,35.66,1,0,/groups/scienceai/kcd635/AF2/predictions/ppi_benchmark/bkrb2_human___1136,unrelaxed_model_1_multimer_v3_pred_0.pdb,result_model_1_multimer_v3_pred_0.pkl
A,B,0.351,65,0.146,0.16,0.218,35.25,1,0,/groups/scienceai/kcd635/AF2/predictions/ppi_benchmark/nmur2_human___1790,unrelaxed_model_1_multimer_v3_pred_0.pdb,result_model_1_multimer_v3_pred_0.pkl
A,B,0.294,38,0.112,0.137,0.236,38.47,1,0,/groups/scienceai/kcd635/AF2/predictions/ppi_benchmark/cxcr6_human___2156,unrelaxed_model_1_multimer_v3_pred_0.pdb,result_model_1_multimer_v3_pred_0.pkl
A,B,0.325,34,0.228,0.242,0.302,39.72,1,0,/groups/scienceai/kcd635/AF2/predictions/ppi_benchmark/ackr3_human___2019,unrelaxed_model_1_multimer_v3_pred_0.pdb,result_model_1_multimer_v3_pred_0.pkl
A,B,0.413,33,0.162,0.177,0.237,36.78,1,0,/groups/scienceai/kcd635/AF2/predictions/ppi_benchmark/gasr_human___861,unrelaxed_model_1_multimer_v3_pred_0.pdb,result_model_1_multimer_v3_pred_0.pkl
A,B,0.254,78,0.117,0.15,0.278,40.28,1,0,/groups/scienceai/kcd635/AF2/predictions/ppi_benchmark/kissr_human___921,unrelaxed_model_1_multimer_v3_pred_0.pdb,result_model_1_multimer_v3_pred_0.pkl
A,B,0.285,37,0.085,0.113,0.224,38.28,1,0,/groups/scienceai/kcd635/AF2/predictions/ppi_benchmark/gnrhr_human___2257,unrelaxed_model_1_multimer_v3_pred_0.pdb,result_model_1_multimer_v3_pred_0.pkl
A,B,0.302,33,0.219,0.225,0.251,36.4,1,0,/groups/scienceai/kcd635/AF2/predictions/ppi_benchmark/apj_human___8526,unrelaxed_model_1_multimer_v3_pred_0.pdb,result_model_1_multimer_v3_pred_0.pkl
A,B,0.336,31,0.116,0.143,0.248,36.8,1,0,/groups/scienceai/kcd635/AF2/predictions/ppi_benchmark/pkr2_human___1790,unrelaxed_model_1_multimer_v3_pred_0.pdb,result_model_1_multimer_v3_pred_0.pkl
A,B,0.304,42,0.114,0.142,0.254,39.22,1,0,/groups/scienceai/kcd635/AF2/predictions/ppi_benchmark/ackr3_human___989,unrelaxed_model_1_multimer_v3_pred_0.pdb,result_model_1_multimer_v3_pred_0.pkl
A,B,0.336,30,0.1,0.145,0.322,42.1,1,0,/groups/scienceai/kcd635/AF2/predictions/ppi_benchmark/oprm_human___1681,unrelaxed_model_1_multimer_v3_pred_0.pdb,result_model_1_multimer_v3_pred_0.pkl
A,B,0.301,33,0.098,0.124,0.226,37.0,1,0,/groups/scienceai/kcd635/AF2/predictions/ppi_benchmark/cxcr1_human___3643,unrelaxed_model_1_multimer_v3_pred_0.pdb,result_model_1_multimer_v3_pred_0.pkl
A,B,0.432,280,0.117,0.141,0.241,37.22,1,0,/groups/scienceai/kcd635/AF2/predictions/ppi_benchmark/ackr2_human___758,unrelaxed_model_1_multimer_v3_pred_0.pdb,result_model_1_multimer_v3_pred_0.pkl
A,B,0.398,102,0.1,0.117,0.189,36.3,1,0,/groups/scienceai/kcd635/AF2/predictions/ppi_benchmark/pacr_human___2270,unrelaxed_model_1_multimer_v3_pred_0.pdb,result_model_1_multimer_v3_pred_0.pkl
A,B,0.546,691,0.084,0.116,0.243,37.22,1,0,/groups/scienceai/kcd635/AF2/predictions/ppi_benchmark/xcr1_human___3542,unrelaxed_model_1_multimer_v3_pred_0.pdb,result_model_1_multimer_v3_pred_0.pkl
A,B,0.319,34,0.136,0.158,0.244,36.53,1,0,/groups/scienceai/kcd635/AF2/predictions/ppi_benchmark/ccr3_human___2019,unrelaxed_model_1_multimer_v3_pred_0.pdb,result_model_1_multimer_v3_pred_0.pkl
A,B,0.285,157,0.189,0.207,0.28,40.53,1,0,/groups/scienceai/kcd635/AF2/predictions/ppi_benchmark/mrgx1_human___4057,unrelaxed_model_1_multimer_v3_pred_0.pdb,result_model_1_multimer_v3_pred_0.pkl
A,B,0.491,252,0.156,0.171,0.227,35.75,1,0,/groups/scienceai/kcd635/AF2/predictions/ppi_benchmark/cxcr5_human___771,unrelaxed_model_1_multimer_v3_pred_0.pdb,result_model_1_multimer_v3_pred_0.pkl
A,B,0.341,41,0.17,0.185,0.244,37.7,1,0,/groups/scienceai/kcd635/AF2/predictions/ppi_benchmark/v2r_human___2168,unrelaxed_model_1_multimer_v3_pred_0.pdb,result_model_1_multimer_v3_pred_0.pkl
A,B,0.34,30,0.093,0.124,0.248,36.38,1,0,/groups/scienceai/kcd635/AF2/predictions/ppi_benchmark/ccr5_human___5654,unrelaxed_model_1_multimer_v3_pred_0.pdb,result_model_1_multimer_v3_pred_0.pkl
A,B,0.376,30,0.109,0.136,0.243,35.6,1,0,/groups/scienceai/kcd635/AF2/predictions/ppi_benchmark/par4_human___687,unrelaxed_model_1_multimer_v3_pred_0.pdb,result_model_1_multimer_v3_pred_0.pkl
A,B,0.323,37,0.097,0.129,0.257,37.62,1,0,/groups/scienceai/kcd635/AF2/predictions/ppi_benchmark/galr1_human___5654,unrelaxed_model_1_multimer_v3_pred_0.pdb,result_model_1_multimer_v3_pred_0.pkl
A,B,0.47,488,0.111,0.134,0.228,38.62,1,0,/groups/scienceai/kcd635/AF2/predictions/ppi_benchmark/ccr10_human___3646,unrelaxed_model_1_multimer_v3_pred_0.pdb,result_model_1_multimer_v3_pred_0.pkl
A,B,0.31,763,0.116,0.147,0.271,38.1,1,0,/groups/scienceai/kcd635/AF2/predictions/ppi_benchmark/v1br_human___821,unrelaxed_model_1_multimer_v3_pred_0.pdb,result_model_1_multimer_v3_pred_0.pkl
A,B,0.27,112,0.109,0.134,0.234,36.72,1,0,/groups/scienceai/kcd635/AF2/predictions/ppi_benchmark/cml1_human___2945,unrelaxed_model_1_multimer_v3_pred_0.pdb,result_model_1_multimer_v3_pred_0.pkl
A,B,0.435,179,0.162,0.173,0.214,37.72,1,0,/groups/scienceai/kcd635/AF2/predictions/ppi_benchmark/ccr7_human___2156,unrelaxed_model_1_multimer_v3_pred_0.pdb,result_model_1_multimer_v3_pred_0.pkl
A,B,0.413,131,0.105,0.129,0.225,35.9,1,0,/groups/scienceai/kcd635/AF2/predictions/ppi_benchmark/glr_human___1152,unrelaxed_model_1_multimer_v3_pred_0.pdb,result_model_1_multimer_v3_pred_0.pkl
A,B,0.258,239,0.118,0.144,0.249,35.34,1,0,/groups/scienceai/kcd635/AF2/predictions/ppi_benchmark/ccr2_human___771,unrelaxed_model_1_multimer_v3_pred_0.pdb,result_model_1_multimer_v3_pred_0.pkl
A,B,0.326,37,0.094,0.127,0.258,38.2,1,0,/groups/scienceai/kcd635/AF2/predictions/ppi_benchmark/cxcr4_human___1099,unrelaxed_model_1_multimer_v3_pred_0.pdb,result_model_1_multimer_v3_pred_0.pkl
A,B,0.324,244,0.135,0.151,0.216,34.5,1,0,/groups/scienceai/kcd635/AF2/predictions/ppi_benchmark/trfr_human___3935,unrelaxed_model_1_multimer_v3_pred_0.pdb,result_model_1_multimer_v3_pred_0.pkl
A,B,0.293,160,0.132,0.152,0.233,37.34,1,0,/groups/scienceai/kcd635/AF2/predictions/ppi_benchmark/ccr10_human___1790,unrelaxed_model_1_multimer_v3_pred_0.pdb,result_model_1_multimer_v3_pred_0.pkl
A,B,0.343,36,0.109,0.132,0.223,36.8,1,0,/groups/scienceai/kcd635/AF2/predictions/ppi_benchmark/ox2r_human___612,unrelaxed_model_1_multimer_v3_pred_0.pdb,result_model_1_multimer_v3_pred_0.pkl
A,B,0.285,60,0.112,0.137,0.238,37.7,1,0,/groups/scienceai/kcd635/AF2/predictions/ppi_benchmark/bkrb1_human___1136,unrelaxed_model_1_multimer_v3_pred_0.pdb,result_model_1_multimer_v3_pred_0.pkl
A,B,0.369,37,0.131,0.161,0.283,40.6,1,0,/groups/scienceai/kcd635/AF2/predictions/ppi_benchmark/prlhr_human___2089,unrelaxed_model_1_multimer_v3_pred_0.pdb,result_model_1_multimer_v3_pred_0.pkl
A,B,0.374,32,0.142,0.162,0.239,36.66,1,0,/groups/scienceai/kcd635/AF2/predictions/ppi_benchmark/mchr1_human___1623,unrelaxed_model_1_multimer_v3_pred_0.pdb,result_model_1_multimer_v3_pred_0.pkl
A,B,0.351,174,0.184,0.194,0.235,37.2,1,0,/groups/scienceai/kcd635/AF2/predictions/ppi_benchmark/qrfpr_human___821,unrelaxed_model_1_multimer_v3_pred_0.pdb,result_model_1_multimer_v3_pred_0.pkl
A,B,0.344,32,0.114,0.146,0.274,38.3,1,0,/groups/scienceai/kcd635/AF2/predictions/ppi_benchmark/kissr_human___1136,unrelaxed_model_1_multimer_v3_pred_0.pdb,result_model_1_multimer_v3_pred_0.pkl
A,B,0.347,35,0.112,0.142,0.263,40.62,1,0,/groups/scienceai/kcd635/AF2/predictions/ppi_benchmark/oxyr_human___1490,unrelaxed_model_1_multimer_v3_pred_0.pdb,result_model_1_multimer_v3_pred_0.pkl
A,B,0.333,32,0.105,0.13,0.233,38.16,1,0,/groups/scienceai/kcd635/AF2/predictions/ppi_benchmark/c5ar2_human___1997,unrelaxed_model_1_multimer_v3_pred_0.pdb,result_model_1_multimer_v3_pred_0.pkl
A,B,0.275,46,0.098,0.125,0.23,36.16,1,0,/groups/scienceai/kcd635/AF2/predictions/ppi_benchmark/ssr2_human___687,unrelaxed_model_1_multimer_v3_pred_0.pdb,result_model_1_multimer_v3_pred_0.pkl
A,B,0.312,39,0.186,0.2,0.257,34.56,1,0,/groups/scienceai/kcd635/AF2/predictions/ppi_benchmark/fpr3_human___613,unrelaxed_model_1_multimer_v3_pred_0.pdb,result_model_1_multimer_v3_pred_0.pkl
A,B,0.356,36,0.094,0.118,0.216,33.7,1,0,/groups/scienceai/kcd635/AF2/predictions/ppi_benchmark/oprk_human___1643,unrelaxed_model_1_multimer_v3_pred_0.pdb,result_model_1_multimer_v3_pred_0.pkl
A,B,0.361,33,0.129,0.147,0.221,37.0,1,0,/groups/scienceai/kcd635/AF2/predictions/ppi_benchmark/ox1r_human___1479,unrelaxed_model_1_multimer_v3_pred_0.pdb,result_model_1_multimer_v3_pred_0.pkl
A,B,0.356,39,0.091,0.121,0.242,36.22,1,0,/groups/scienceai/kcd635/AF2/predictions/ppi_benchmark/ssr1_human___1623,unrelaxed_model_1_multimer_v3_pred_0.pdb,result_model_1_multimer_v3_pred_0.pkl
A,B,0.378,31,0.104,0.134,0.251,35.88,1,0,/groups/scienceai/kcd635/AF2/predictions/ppi_benchmark/pkr1_human___1871,unrelaxed_model_1_multimer_v3_pred_0.pdb,result_model_1_multimer_v3_pred_0.pkl
A,B,0.393,34,0.103,0.126,0.218,38.47,1,0,/groups/scienceai/kcd635/AF2/predictions/ppi_benchmark/ccr8_human___861,unrelaxed_model_1_multimer_v3_pred_0.pdb,result_model_1_multimer_v3_pred_0.pkl
A,B,0.38,1037,0.126,0.162,0.303,42.47,1,0,/groups/scienceai/kcd635/AF2/predictions/ppi_benchmark/hrh4_human___1298,unrelaxed_model_1_multimer_v3_pred_0.pdb,result_model_1_multimer_v3_pred_0.pkl
A,B,0.369,32,0.113,0.144,0.267,36.47,1,0,/groups/scienceai/kcd635/AF2/predictions/ppi_benchmark/pkr1_human___989,unrelaxed_model_1_multimer_v3_pred_0.pdb,result_model_1_multimer_v3_pred_0.pkl
A,B,0.345,51,0.118,0.146,0.255,38.78,1,0,/groups/scienceai/kcd635/AF2/predictions/ppi_benchmark/ackr4_human___5654,unrelaxed_model_1_multimer_v3_pred_0.pdb,result_model_1_multimer_v3_pred_0.pkl
A,B,0.378,428,0.117,0.145,0.26,37.5,1,0,/groups/scienceai/kcd635/AF2/predictions/ppi_benchmark/v1br_human___819,unrelaxed_model_1_multimer_v3_pred_0.pdb,result_model_1_multimer_v3_pred_0.pkl
A,B,0.333,39,0.126,0.148,0.237,36.56,1,0,/groups/scienceai/kcd635/AF2/predictions/ppi_benchmark/ccr1_human___646,unrelaxed_model_1_multimer_v3_pred_0.pdb,result_model_1_multimer_v3_pred_0.pkl
A,B,0.344,43,0.118,0.141,0.233,35.16,1,0,/groups/scienceai/kcd635/AF2/predictions/ppi_benchmark/trfr_human___2174,unrelaxed_model_1_multimer_v3_pred_0.pdb,result_model_1_multimer_v3_pred_0.pkl
A,B,0.392,29,0.111,0.13,0.207,36.12,1,0,/groups/scienceai/kcd635/AF2/predictions/ppi_benchmark/npy2r_human___861,unrelaxed_model_1_multimer_v3_pred_0.pdb,result_model_1_multimer_v3_pred_0.pkl
A,B,0.478,458,0.107,0.129,0.219,35.25,1,0,/groups/scienceai/kcd635/AF2/predictions/ppi_benchmark/trfr_human___1152,unrelaxed_model_1_multimer_v3_pred_0.pdb,result_model_1_multimer_v3_pred_0.pkl
A,B,0.349,91,0.099,0.124,0.225,37.06,1,0,/groups/scienceai/kcd635/AF2/predictions/ppi_benchmark/ox1r_human___1699,unrelaxed_model_1_multimer_v3_pred_0.pdb,result_model_1_multimer_v3_pred_0.pkl
A,B,0.367,31,0.105,0.129,0.226,36.34,1,0,/groups/scienceai/kcd635/AF2/predictions/ppi_benchmark/ssr5_human___1152,unrelaxed_model_1_multimer_v3_pred_0.pdb,result_model_1_multimer_v3_pred_0.pkl
A,B,0.504,446,0.104,0.133,0.249,37.22,1,0,/groups/scienceai/kcd635/AF2/predictions/ppi_benchmark/nk2r_human___1504,unrelaxed_model_1_multimer_v3_pred_0.pdb,result_model_1_multimer_v3_pred_0.pkl
A,B,0.326,42,0.125,0.156,0.281,38.47,1,0,/groups/scienceai/kcd635/AF2/predictions/ppi_benchmark/nmur1_human___1140,unrelaxed_model_1_multimer_v3_pred_0.pdb,result_model_1_multimer_v3_pred_0.pkl
A,B,0.327,99,0.111,0.137,0.24,37.47,1,0,/groups/scienceai/kcd635/AF2/predictions/ppi_benchmark/vipr2_human___808,unrelaxed_model_1_multimer_v3_pred_0.pdb,result_model_1_multimer_v3_pred_0.pkl
A,B,0.299,52,0.24,0.246,0.27,39.75,1,0,/groups/scienceai/kcd635/AF2/predictions/ppi_benchmark/mchr2_human___585,unrelaxed_model_1_multimer_v3_pred_0.pdb,result_model_1_multimer_v3_pred_0.pkl
A,B,0.322,43,0.163,0.18,0.246,37.25,1,0,/groups/scienceai/kcd635/AF2/predictions/ppi_benchmark/crfr2_human___3594,unrelaxed_model_1_multimer_v3_pred_0.pdb,result_model_1_multimer_v3_pred_0.pkl
A,B,0.318,30,0.117,0.156,0.309,40.12,1,0,/groups/scienceai/kcd635/AF2/predictions/ppi_benchmark/nmur1_human___1470,unrelaxed_model_1_multimer_v3_pred_0.pdb,result_model_1_multimer_v3_pred_0.pkl
A,B,0.563,628,0.089,0.122,0.252,38.3,1,0,/groups/scienceai/kcd635/AF2/predictions/ppi_benchmark/xcr1_human___1790,unrelaxed_model_1_multimer_v3_pred_0.pdb,result_model_1_multimer_v3_pred_0.pkl
A,B,0.374,122,0.093,0.118,0.221,38.75,1,0,/groups/scienceai/kcd635/AF2/predictions/ppi_benchmark/gnrhr_human___11417,unrelaxed_model_1_multimer_v3_pred_0.pdb,result_model_1_multimer_v3_pred_0.pkl
A,B,0.374,35,0.114,0.139,0.236,37.53,1,0,/groups/scienceai/kcd635/AF2/predictions/ppi_benchmark/ssr4_human___1623,unrelaxed_model_1_multimer_v3_pred_0.pdb,result_model_1_multimer_v3_pred_0.pkl
A,B,0.31,31,0.11,0.127,0.194,34.4,1,0,/groups/scienceai/kcd635/AF2/predictions/ppi_benchmark/cckar_human___5336,unrelaxed_model_1_multimer_v3_pred_0.pdb,result_model_1_multimer_v3_pred_0.pkl
A,B,0.289,37,0.146,0.167,0.249,37.47,1,0,/groups/scienceai/kcd635/AF2/predictions/ppi_benchmark/crfr2_human___1790,unrelaxed_model_1_multimer_v3_pred_0.pdb,result_model_1_multimer_v3_pred_0.pkl
A,B,0.376,82,0.122,0.147,0.249,37.1,1,0,/groups/scienceai/kcd635/AF2/predictions/ppi_benchmark/crfr1_human___1514,unrelaxed_model_1_multimer_v3_pred_0.pdb,result_model_1_multimer_v3_pred_0.pkl
A,B,0.356,35,0.134,0.151,0.219,37.1,1,0,/groups/scienceai/kcd635/AF2/predictions/ppi_benchmark/ox2r_human___3643,unrelaxed_model_1_multimer_v3_pred_0.pdb,result_model_1_multimer_v3_pred_0.pkl
A,B,0.336,31,0.142,0.176,0.311,41.2,1,0,/groups/scienceai/kcd635/AF2/predictions/ppi_benchmark/nmur1_human___4057,unrelaxed_model_1_multimer_v3_pred_0.pdb,result_model_1_multimer_v3_pred_0.pkl
A,B,0.347,101,0.248,0.294,0.479,51.97,1,0,/groups/scienceai/kcd635/AF2/predictions/ppi_benchmark/crfr2_human___1333,unrelaxed_model_1_multimer_v3_pred_0.pdb,result_model_1_multimer_v3_pred_0.pkl
A,B,0.28,72,0.203,0.211,0.245,37.8,1,0,/groups/scienceai/kcd635/AF2/predictions/ppi_benchmark/cxcr4_human___758,unrelaxed_model_1_multimer_v3_pred_0.pdb,result_model_1_multimer_v3_pred_0.pkl
A,B,0.354,49,0.207,0.218,0.264,42.12,1,0,/groups/scienceai/kcd635/AF2/predictions/ppi_benchmark/oxyr_human___2168,unrelaxed_model_1_multimer_v3_pred_0.pdb,result_model_1_multimer_v3_pred_0.pkl
A,B,0.459,304,0.097,0.129,0.26,37.16,1,0,/groups/scienceai/kcd635/AF2/predictions/ppi_benchmark/galr2_human___3643,unrelaxed_model_1_multimer_v3_pred_0.pdb,result_model_1_multimer_v3_pred_0.pkl
A,B,0.274,130,0.139,0.16,0.243,36.8,1,0,/groups/scienceai/kcd635/AF2/predictions/ppi_benchmark/cml1_human___3592,unrelaxed_model_1_multimer_v3_pred_0.pdb,result_model_1_multimer_v3_pred_0.pkl
A,B,0.406,158,0.098,0.122,0.219,33.9,1,0,/groups/scienceai/kcd635/AF2/predictions/ppi_benchmark/mchr2_human___681,unrelaxed_model_1_multimer_v3_pred_0.pdb,result_model_1_multimer_v3_pred_0.pkl
A,B,0.267,46,0.1,0.126,0.229,37.34,1,0,/groups/scienceai/kcd635/AF2/predictions/ppi_benchmark/mc4r_human___1504,unrelaxed_model_1_multimer_v3_pred_0.pdb,result_model_1_multimer_v3_pred_0.pkl
A,B,0.337,35,0.084,0.12,0.262,38.0,1,0,/groups/scienceai/kcd635/AF2/predictions/ppi_benchmark/mtlr_human___1099,unrelaxed_model_1_multimer_v3_pred_0.pdb,result_model_1_multimer_v3_pred_0.pkl
A,B,0.317,35,0.108,0.14,0.265,38.03,1,0,/groups/scienceai/kcd635/AF2/predictions/ppi_benchmark/crfr2_human___1140,unrelaxed_model_1_multimer_v3_pred_0.pdb,result_model_1_multimer_v3_pred_0.pkl
A,B,0.331,41,0.099,0.135,0.278,40.3,1,0,/groups/scienceai/kcd635/AF2/predictions/ppi_benchmark/prlhr_human___1136,unrelaxed_model_1_multimer_v3_pred_0.pdb,result_model_1_multimer_v3_pred_0.pkl
A,B,0.333,865,0.203,0.209,0.233,37.12,1,0,/groups/scienceai/kcd635/AF2/predictions/ppi_benchmark/cxcr3_human___819,unrelaxed_model_1_multimer_v3_pred_0.pdb,result_model_1_multimer_v3_pred_0.pkl
A,B,0.334,51,0.13,0.156,0.26,38.53,1,0,/groups/scienceai/kcd635/AF2/predictions/ppi_benchmark/ackr4_human___613,unrelaxed_model_1_multimer_v3_pred_0.pdb,result_model_1_multimer_v3_pred_0.pkl
A,B,0.356,40,0.114,0.138,0.236,35.56,1,0,/groups/scienceai/kcd635/AF2/predictions/ppi_benchmark/ednrb_human___758,unrelaxed_model_1_multimer_v3_pred_0.pdb,result_model_1_multimer_v3_pred_0.pkl
A,B,0.466,336,0.099,0.12,0.206,36.06,1,0,/groups/scienceai/kcd635/AF2/predictions/ppi_benchmark/gnrhr_human___3594,unrelaxed_model_1_multimer_v3_pred_0.pdb,result_model_1_multimer_v3_pred_0.pkl
A,B,0.529,381,0.119,0.137,0.213,36.56,1,0,/groups/scienceai/kcd635/AF2/predictions/ppi_benchmark/mrgx2_human___687,unrelaxed_model_1_multimer_v3_pred_0.pdb,result_model_1_multimer_v3_pred_0.pkl
A,B,0.3,179,0.213,0.226,0.276,38.38,1,0,/groups/scienceai/kcd635/AF2/predictions/ppi_benchmark/ssr3_human___921,unrelaxed_model_1_multimer_v3_pred_0.pdb,result_model_1_multimer_v3_pred_0.pkl
A,B,0.357,34,0.143,0.157,0.213,36.0,1,0,/groups/scienceai/kcd635/AF2/predictions/ppi_benchmark/npy2r_human___1157,unrelaxed_model_1_multimer_v3_pred_0.pdb,result_model_1_multimer_v3_pred_0.pkl
A,B,0.34,33,0.11,0.144,0.277,38.78,1,0,/groups/scienceai/kcd635/AF2/predictions/ppi_benchmark/ednrb_human___1152,unrelaxed_model_1_multimer_v3_pred_0.pdb,result_model_1_multimer_v3_pred_0.pkl
A,B,0.256,71,0.099,0.132,0.264,37.6,1,0,/groups/scienceai/kcd635/AF2/predictions/ppi_benchmark/mc3r_human___681,unrelaxed_model_1_multimer_v3_pred_0.pdb,result_model_1_multimer_v3_pred_0.pkl
A,B,0.371,30,0.089,0.125,0.268,40.56,1,0,/groups/scienceai/kcd635/AF2/predictions/ppi_benchmark/oprm_human___5654,unrelaxed_model_1_multimer_v3_pred_0.pdb,result_model_1_multimer_v3_pred_0.pkl
A,B,0.368,54,0.113,0.138,0.24,35.7,1,0,/groups/scienceai/kcd635/AF2/predictions/ppi_benchmark/ntr1_human___5336,unrelaxed_model_1_multimer_v3_pred_0.pdb,result_model_1_multimer_v3_pred_0.pkl
A,B,0.5,485,0.108,0.144,0.287,39.28,1,0,/groups/scienceai/kcd635/AF2/predictions/ppi_benchmark/galr3_human___3643,unrelaxed_model_1_multimer_v3_pred_0.pdb,result_model_1_multimer_v3_pred_0.pkl
A,B,0.355,34,0.131,0.154,0.247,37.78,1,0,/groups/scienceai/kcd635/AF2/predictions/ppi_benchmark/v2r_human___1579,unrelaxed_model_1_multimer_v3_pred_0.pdb,result_model_1_multimer_v3_pred_0.pkl
A,B,0.415,31,0.102,0.13,0.245,37.5,1,0,/groups/scienceai/kcd635/AF2/predictions/ppi_benchmark/par4_human___2270,unrelaxed_model_1_multimer_v3_pred_0.pdb,result_model_1_multimer_v3_pred_0.pkl
A,B,0.367,37,0.124,0.143,0.218,34.78,1,0,/groups/scienceai/kcd635/AF2/predictions/ppi_benchmark/oprk_human___2019,unrelaxed_model_1_multimer_v3_pred_0.pdb,result_model_1_multimer_v3_pred_0.pkl
A,B,0.275,46,0.17,0.186,0.253,37.5,1,0,/groups/scienceai/kcd635/AF2/predictions/ppi_benchmark/crfr2_human___2257,unrelaxed_model_1_multimer_v3_pred_0.pdb,result_model_1_multimer_v3_pred_0.pkl
A,B,0.394,40,0.143,0.164,0.246,39.16,1,0,/groups/scienceai/kcd635/AF2/predictions/ppi_benchmark/ur2r_human___1495,unrelaxed_model_1_multimer_v3_pred_0.pdb,result_model_1_multimer_v3_pred_0.pkl
A,B,0.314,122,0.119,0.138,0.214,34.5,1,0,/groups/scienceai/kcd635/AF2/predictions/ppi_benchmark/vipr1_human___1152,unrelaxed_model_1_multimer_v3_pred_0.pdb,result_model_1_multimer_v3_pred_0.pkl
A,B,0.371,34,0.096,0.126,0.245,37.16,1,0,/groups/scienceai/kcd635/AF2/predictions/ppi_benchmark/v2r_human___1490,unrelaxed_model_1_multimer_v3_pred_0.pdb,result_model_1_multimer_v3_pred_0.pkl
A,B,0.312,71,0.132,0.16,0.271,38.78,1,0,/groups/scienceai/kcd635/AF2/predictions/ppi_benchmark/mshr_human___1140,unrelaxed_model_1_multimer_v3_pred_0.pdb,result_model_1_multimer_v3_pred_0.pkl
A,B,0.19,125,0.148,0.168,0.249,38.16,1,0,/groups/scienceai/kcd635/AF2/predictions/ppi_benchmark/ackr4_human___808,unrelaxed_model_1_multimer_v3_pred_0.pdb,result_model_1_multimer_v3_pred_0.pkl
A,B,0.321,39,0.099,0.126,0.233,38.4,1,0,/groups/scienceai/kcd635/AF2/predictions/ppi_benchmark/fpr2_human___4058,unrelaxed_model_1_multimer_v3_pred_0.pdb,result_model_1_multimer_v3_pred_0.pkl
A,B,0.138,220,0.144,0.168,0.26,36.53,1,0,/groups/scienceai/kcd635/AF2/predictions/ppi_benchmark/ccr2_human___776,unrelaxed_model_1_multimer_v3_pred_0.pdb,result_model_1_multimer_v3_pred_0.pkl
A,B,0.342,31,0.118,0.143,0.241,36.97,1,0,/groups/scienceai/kcd635/AF2/predictions/ppi_benchmark/agtr2_human___1152,unrelaxed_model_1_multimer_v3_pred_0.pdb,result_model_1_multimer_v3_pred_0.pkl
A,B,0.199,287,0.135,0.16,0.26,38.4,1,0,/groups/scienceai/kcd635/AF2/predictions/ppi_benchmark/ccr2_human___798,unrelaxed_model_1_multimer_v3_pred_0.pdb,result_model_1_multimer_v3_pred_0.pkl
A,B,0.147,696,0.154,0.166,0.217,36.16,1,0,/groups/scienceai/kcd635/AF2/predictions/ppi_benchmark/mc5r_human___798,unrelaxed_model_1_multimer_v3_pred_0.pdb,result_model_1_multimer_v3_pred_0.pkl
A,B,0.249,843,0.213,0.216,0.226,37.72,1,0,/groups/scienceai/kcd635/AF2/predictions/ppi_benchmark/cxcr3_human___821,unrelaxed_model_1_multimer_v3_pred_0.pdb,result_model_1_multimer_v3_pred_0.pkl
A,B,0.327,41,0.094,0.119,0.22,36.34,1,0,/groups/scienceai/kcd635/AF2/predictions/ppi_benchmark/c5ar2_human___5654,unrelaxed_model_1_multimer_v3_pred_0.pdb,result_model_1_multimer_v3_pred_0.pkl
A,B,0.363,37,0.103,0.127,0.222,37.3,1,0,/groups/scienceai/kcd635/AF2/predictions/ppi_benchmark/ox1r_human___3735,unrelaxed_model_1_multimer_v3_pred_0.pdb,result_model_1_multimer_v3_pred_0.pkl
A,B,0.474,437,0.111,0.136,0.235,36.53,1,0,/groups/scienceai/kcd635/AF2/predictions/ppi_benchmark/cml1_human___687,unrelaxed_model_1_multimer_v3_pred_0.pdb,result_model_1_multimer_v3_pred_0.pkl
A,B,0.402,94,0.179,0.198,0.274,39.38,1,0,/groups/scienceai/kcd635/AF2/predictions/ppi_benchmark/agtr1_human___644,unrelaxed_model_1_multimer_v3_pred_0.pdb,result_model_1_multimer_v3_pred_0.pkl
A,B,0.322,349,0.11,0.136,0.24,38.2,1,0,/groups/scienceai/kcd635/AF2/predictions/ppi_benchmark/cx3c1_human___2257,unrelaxed_model_1_multimer_v3_pred_0.pdb,result_model_1_multimer_v3_pred_0.pkl
A,B,0.334,42,0.132,0.156,0.251,37.6,1,0,/groups/scienceai/kcd635/AF2/predictions/ppi_benchmark/agtr2_human___646,unrelaxed_model_1_multimer_v3_pred_0.pdb,result_model_1_multimer_v3_pred_0.pkl
A,B,0.362,43,0.114,0.133,0.209,36.2,1,0,/groups/scienceai/kcd635/AF2/predictions/ppi_benchmark/oprx_human___1790,unrelaxed_model_1_multimer_v3_pred_0.pdb,result_model_1_multimer_v3_pred_0.pkl
A,B,0.341,30,0.135,0.16,0.26,37.72,1,0,/groups/scienceai/kcd635/AF2/predictions/ppi_benchmark/galr2_human___2019,unrelaxed_model_1_multimer_v3_pred_0.pdb,result_model_1_multimer_v3_pred_0.pkl
A,B,0.308,195,0.103,0.13,0.236,37.9,1,0,/groups/scienceai/kcd635/AF2/predictions/ppi_benchmark/bkrb1_human___2945,unrelaxed_model_1_multimer_v3_pred_0.pdb,result_model_1_multimer_v3_pred_0.pkl
A,B,0.343,42,0.25,0.252,0.263,40.03,1,0,/groups/scienceai/kcd635/AF2/predictions/ppi_benchmark/ur2r_human___613,unrelaxed_model_1_multimer_v3_pred_0.pdb,result_model_1_multimer_v3_pred_0.pkl
A,B,0.12,398,0.203,0.211,0.245,38.3,1,0,/groups/scienceai/kcd635/AF2/predictions/ppi_benchmark/ackr3_human___810,unrelaxed_model_1_multimer_v3_pred_0.pdb,result_model_1_multimer_v3_pred_0.pkl
A,B,0.347,243,0.113,0.137,0.232,35.88,1,0,/groups/scienceai/kcd635/AF2/predictions/ppi_benchmark/npy4r_human___687,unrelaxed_model_1_multimer_v3_pred_0.pdb,result_model_1_multimer_v3_pred_0.pkl
A,B,0.346,37,0.096,0.119,0.213,36.5,1,0,/groups/scienceai/kcd635/AF2/predictions/ppi_benchmark/npy2r_human___1458,unrelaxed_model_1_multimer_v3_pred_0.pdb,result_model_1_multimer_v3_pred_0.pkl
A,B,0.338,64,0.096,0.124,0.24,38.25,1,0,/groups/scienceai/kcd635/AF2/predictions/ppi_benchmark/vipr2_human___1136,unrelaxed_model_1_multimer_v3_pred_0.pdb,result_model_1_multimer_v3_pred_0.pkl
A,B,0.231,2390,0.124,0.16,0.308,41.53,1,0,/groups/scienceai/kcd635/AF2/predictions/ppi_benchmark/hrh4_human___1140,unrelaxed_model_1_multimer_v3_pred_0.pdb,result_model_1_multimer_v3_pred_0.pkl
A,B,0.359,30,0.131,0.149,0.22,35.03,1,0,/groups/scienceai/kcd635/AF2/predictions/ppi_benchmark/cxcr2_human___687,unrelaxed_model_1_multimer_v3_pred_0.pdb,result_model_1_multimer_v3_pred_0.pkl
A,B,0.269,136,0.102,0.128,0.235,33.88,1,0,/groups/scienceai/kcd635/AF2/predictions/ppi_benchmark/grpr_human___687,unrelaxed_model_1_multimer_v3_pred_0.pdb,result_model_1_multimer_v3_pred_0.pkl
A,B,0.441,312,0.13,0.148,0.221,37.6,1,0,/groups/scienceai/kcd635/AF2/predictions/ppi_benchmark/ccr4_human___821,unrelaxed_model_1_multimer_v3_pred_0.pdb,result_model_1_multimer_v3_pred_0.pkl
A,B,0.34,28,0.099,0.126,0.23,34.47,1,0,/groups/scienceai/kcd635/AF2/predictions/ppi_benchmark/grpr_human___1136,unrelaxed_model_1_multimer_v3_pred_0.pdb,result_model_1_multimer_v3_pred_0.pkl
A,B,0.438,425,0.111,0.137,0.238,38.16,1,0,/groups/scienceai/kcd635/AF2/predictions/ppi_benchmark/bkrb1_human___2270,unrelaxed_model_1_multimer_v3_pred_0.pdb,result_model_1_multimer_v3_pred_0.pkl
A,B,0.394,34,0.131,0.168,0.312,38.9,1,0,/groups/scienceai/kcd635/AF2/predictions/ppi_benchmark/ghrhr_human___613,unrelaxed_model_1_multimer_v3_pred_0.pdb,result_model_1_multimer_v3_pred_0.pkl
A,B,0.354,39,0.193,0.203,0.246,35.97,1,0,/groups/scienceai/kcd635/AF2/predictions/ppi_benchmark/gasr_human___613,unrelaxed_model_1_multimer_v3_pred_0.pdb,result_model_1_multimer_v3_pred_0.pkl
A,B,0.319,31,0.086,0.122,0.266,40.28,1,0,/groups/scienceai/kcd635/AF2/predictions/ppi_benchmark/ghsr_human___2090,unrelaxed_model_1_multimer_v3_pred_0.pdb,result_model_1_multimer_v3_pred_0.pkl
A,B,0.403,237,0.098,0.128,0.247,38.97,1,0,/groups/scienceai/kcd635/AF2/predictions/ppi_benchmark/oxyr_human___681,unrelaxed_model_1_multimer_v3_pred_0.pdb,result_model_1_multimer_v3_pred_0.pkl
A,B,0.357,33,0.1,0.126,0.231,35.38,1,0,/groups/scienceai/kcd635/AF2/predictions/ppi_benchmark/npff1_human___5654,unrelaxed_model_1_multimer_v3_pred_0.pdb,result_model_1_multimer_v3_pred_0.pkl
A,B,0.355,33,0.212,0.23,0.302,39.72,1,0,/groups/scienceai/kcd635/AF2/predictions/ppi_benchmark/mtlr_human___8526,unrelaxed_model_1_multimer_v3_pred_0.pdb,result_model_1_multimer_v3_pred_0.pkl
A,B,0.335,32,0.119,0.146,0.254,35.5,1,0,/groups/scienceai/kcd635/AF2/predictions/ppi_benchmark/g37l1_human___5895,unrelaxed_model_1_multimer_v3_pred_0.pdb,result_model_1_multimer_v3_pred_0.pkl
A,B,0.349,189,0.098,0.131,0.261,36.22,1,0,/groups/scienceai/kcd635/AF2/predictions/ppi_benchmark/ccr5_human___3643,unrelaxed_model_1_multimer_v3_pred_0.pdb,result_model_1_multimer_v3_pred_0.pkl
A,B,0.362,91,0.174,0.199,0.296,40.16,1,0,/groups/scienceai/kcd635/AF2/predictions/ppi_benchmark/agtr1_human___582,unrelaxed_model_1_multimer_v3_pred_0.pdb,result_model_1_multimer_v3_pred_0.pkl
A,B,0.361,32,0.131,0.152,0.235,36.34,1,0,/groups/scienceai/kcd635/AF2/predictions/ppi_benchmark/bkrb2_human___1495,unrelaxed_model_1_multimer_v3_pred_0.pdb,result_model_1_multimer_v3_pred_0.pkl
A,B,0.355,66,0.102,0.129,0.236,35.03,1,0,/groups/scienceai/kcd635/AF2/predictions/ppi_benchmark/nk3r_human___2270,unrelaxed_model_1_multimer_v3_pred_0.pdb,result_model_1_multimer_v3_pred_0.pkl
A,B,0.553,649,0.165,0.186,0.27,37.88,1,0,/groups/scienceai/kcd635/AF2/predictions/ppi_benchmark/xcr1_human___687,unrelaxed_model_1_multimer_v3_pred_0.pdb,result_model_1_multimer_v3_pred_0.pkl
A,B,0.357,36,0.132,0.147,0.208,37.28,1,0,/groups/scienceai/kcd635/AF2/predictions/ppi_benchmark/fpr1_human___613,unrelaxed_model_1_multimer_v3_pred_0.pdb,result_model_1_multimer_v3_pred_0.pkl
A,B,0.328,145,0.1,0.129,0.248,37.1,1,0,/groups/scienceai/kcd635/AF2/predictions/ppi_benchmark/cml2_human___3592,unrelaxed_model_1_multimer_v3_pred_0.pdb,result_model_1_multimer_v3_pred_0.pkl
A,B,0.353,92,0.12,0.142,0.233,35.06,1,0,/groups/scienceai/kcd635/AF2/predictions/ppi_benchmark/npy5r_human___1871,unrelaxed_model_1_multimer_v3_pred_0.pdb,result_model_1_multimer_v3_pred_0.pkl
A,B,0.317,31,0.102,0.135,0.271,36.88,1,0,/groups/scienceai/kcd635/AF2/predictions/ppi_benchmark/ghrhr_human___3643,unrelaxed_model_1_multimer_v3_pred_0.pdb,result_model_1_multimer_v3_pred_0.pkl
A,B,0.367,32,0.153,0.163,0.205,35.28,1,0,/groups/scienceai/kcd635/AF2/predictions/ppi_benchmark/npy2r_human___1699,unrelaxed_model_1_multimer_v3_pred_0.pdb,result_model_1_multimer_v3_pred_0.pkl
A,B,0.377,270,0.135,0.16,0.261,37.16,1,0,/groups/scienceai/kcd635/AF2/predictions/ppi_benchmark/npbw1_human___1790,unrelaxed_model_1_multimer_v3_pred_0.pdb,result_model_1_multimer_v3_pred_0.pkl
A,B,0.392,103,0.108,0.133,0.234,36.06,1,0,/groups/scienceai/kcd635/AF2/predictions/ppi_benchmark/cxcr3_human___6067,unrelaxed_model_1_multimer_v3_pred_0.pdb,result_model_1_multimer_v3_pred_0.pkl
A,B,0.39,45,0.118,0.144,0.246,35.4,1,0,/groups/scienceai/kcd635/AF2/predictions/ppi_benchmark/ntr1_human___1152,unrelaxed_model_1_multimer_v3_pred_0.pdb,result_model_1_multimer_v3_pred_0.pkl
A,B,0.348,34,0.107,0.138,0.262,37.72,1,0,/groups/scienceai/kcd635/AF2/predictions/ppi_benchmark/oprk_human___1620,unrelaxed_model_1_multimer_v3_pred_0.pdb,result_model_1_multimer_v3_pred_0.pkl
A,B,0.31,116,0.109,0.137,0.251,35.88,1,0,/groups/scienceai/kcd635/AF2/predictions/ppi_benchmark/ccr2_human___5654,unrelaxed_model_1_multimer_v3_pred_0.pdb,result_model_1_multimer_v3_pred_0.pkl
A,B,0.345,57,0.196,0.208,0.259,40.72,1,0,/groups/scienceai/kcd635/AF2/predictions/ppi_benchmark/oxyr_human___1157,unrelaxed_model_1_multimer_v3_pred_0.pdb,result_model_1_multimer_v3_pred_0.pkl
A,B,0.355,31,0.125,0.151,0.254,36.4,1,0,/groups/scienceai/kcd635/AF2/predictions/ppi_benchmark/nk3r_human___2090,unrelaxed_model_1_multimer_v3_pred_0.pdb,result_model_1_multimer_v3_pred_0.pkl
A,B,0.155,146,0.111,0.131,0.21,36.3,1,0,/groups/scienceai/kcd635/AF2/predictions/ppi_benchmark/ssr4_human___3640,unrelaxed_model_1_multimer_v3_pred_0.pdb,result_model_1_multimer_v3_pred_0.pkl
A,B,0.345,28,0.107,0.133,0.237,33.97,1,0,/groups/scienceai/kcd635/AF2/predictions/ppi_benchmark/grpr_human___3592,unrelaxed_model_1_multimer_v3_pred_0.pdb,result_model_1_multimer_v3_pred_0.pkl
A,B,0.443,33,0.27,0.27,0.272,40.7,1,0,/groups/scienceai/kcd635/AF2/predictions/ppi_benchmark/ur2r_human___1623,unrelaxed_model_1_multimer_v3_pred_0.pdb,result_model_1_multimer_v3_pred_0.pkl
A,B,0.351,36,0.106,0.127,0.214,36.38,1,0,/groups/scienceai/kcd635/AF2/predictions/ppi_benchmark/npy2r_human___1479,unrelaxed_model_1_multimer_v3_pred_0.pdb,result_model_1_multimer_v3_pred_0.pkl
A,B,0.423,368,0.093,0.128,0.271,38.8,1,0,/groups/scienceai/kcd635/AF2/predictions/ppi_benchmark/ghsr_human___2270,unrelaxed_model_1_multimer_v3_pred_0.pdb,result_model_1_multimer_v3_pred_0.pkl
A,B,0.368,1229,0.274,0.272,0.263,44.8,1,0,/groups/scienceai/kcd635/AF2/predictions/ppi_benchmark/acthr_human___574,unrelaxed_model_1_multimer_v3_pred_0.pdb,result_model_1_multimer_v3_pred_0.pkl
A,B,0.497,171,0.231,0.238,0.266,37.16,1,0,/groups/scienceai/kcd635/AF2/predictions/ppi_benchmark/g37l1_human___1157,unrelaxed_model_1_multimer_v3_pred_0.pdb,result_model_1_multimer_v3_pred_0.pkl
A,B,0.424,443,0.096,0.118,0.207,36.72,1,0,/groups/scienceai/kcd635/AF2/predictions/ppi_benchmark/ccr7_human___808,unrelaxed_model_1_multimer_v3_pred_0.pdb,result_model_1_multimer_v3_pred_0.pkl
A,B,0.355,91,0.104,0.127,0.218,34.66,1,0,/groups/scienceai/kcd635/AF2/predictions/ppi_benchmark/nmur2_human___1470,unrelaxed_model_1_multimer_v3_pred_0.pdb,result_model_1_multimer_v3_pred_0.pkl
A,B,0.551,397,0.137,0.154,0.219,36.2,1,0,/groups/scienceai/kcd635/AF2/predictions/ppi_benchmark/ackr1_human___798,unrelaxed_model_1_multimer_v3_pred_0.pdb,result_model_1_multimer_v3_pred_0.pkl
A,B,0.338,36,0.134,0.156,0.244,37.9,1,0,/groups/scienceai/kcd635/AF2/predictions/ppi_benchmark/cxcr4_human___646,unrelaxed_model_1_multimer_v3_pred_0.pdb,result_model_1_multimer_v3_pred_0.pkl
A,B,0.264,79,0.101,0.132,0.256,37.25,1,0,/groups/scienceai/kcd635/AF2/predictions/ppi_benchmark/nk2r_human___5895,unrelaxed_model_1_multimer_v3_pred_0.pdb,result_model_1_multimer_v3_pred_0.pkl
A,B,0.327,146,0.121,0.144,0.234,37.62,1,0,/groups/scienceai/kcd635/AF2/predictions/ppi_benchmark/cml2_human___1136,unrelaxed_model_1_multimer_v3_pred_0.pdb,result_model_1_multimer_v3_pred_0.pkl
A,B,0.335,36,0.137,0.158,0.244,36.44,1,0,/groups/scienceai/kcd635/AF2/predictions/ppi_benchmark/crfr1_human___1790,unrelaxed_model_1_multimer_v3_pred_0.pdb,result_model_1_multimer_v3_pred_0.pkl
A,B,0.455,324,0.158,0.178,0.259,37.2,1,0,/groups/scienceai/kcd635/AF2/predictions/ppi_benchmark/galr2_human___612,unrelaxed_model_1_multimer_v3_pred_0.pdb,result_model_1_multimer_v3_pred_0.pkl
A,B,0.333,32,0.087,0.118,0.241,38.2,1,0,/groups/scienceai/kcd635/AF2/predictions/ppi_benchmark/c5ar2_human___1099,unrelaxed_model_1_multimer_v3_pred_0.pdb,result_model_1_multimer_v3_pred_0.pkl
A,B,0.357,200,0.133,0.153,0.233,37.9,1,0,/groups/scienceai/kcd635/AF2/predictions/ppi_benchmark/ccr8_human___808,unrelaxed_model_1_multimer_v3_pred_0.pdb,result_model_1_multimer_v3_pred_0.pkl
A,B,0.371,34,0.098,0.12,0.211,36.34,1,0,/groups/scienceai/kcd635/AF2/predictions/ppi_benchmark/oprm_human___1643,unrelaxed_model_1_multimer_v3_pred_0.pdb,result_model_1_multimer_v3_pred_0.pkl
A,B,0.391,487,0.124,0.151,0.258,35.34,1,0,/groups/scienceai/kcd635/AF2/predictions/ppi_benchmark/gpr39_human___1699,unrelaxed_model_1_multimer_v3_pred_0.pdb,result_model_1_multimer_v3_pred_0.pkl
A,B,0.33,252,0.167,0.181,0.234,36.84,1,0,/groups/scienceai/kcd635/AF2/predictions/ppi_benchmark/qrfpr_human___1681,unrelaxed_model_1_multimer_v3_pred_0.pdb,result_model_1_multimer_v3_pred_0.pkl
A,B,0.38,74,0.096,0.128,0.258,37.38,1,0,/groups/scienceai/kcd635/AF2/predictions/ppi_benchmark/ackr4_human___3643,unrelaxed_model_1_multimer_v3_pred_0.pdb,result_model_1_multimer_v3_pred_0.pkl
A,B,0.336,55,0.106,0.128,0.215,36.88,1,0,/groups/scienceai/kcd635/AF2/predictions/ppi_benchmark/ackr1_human___989,unrelaxed_model_1_multimer_v3_pred_0.pdb,result_model_1_multimer_v3_pred_0.pkl
A,B,0.306,55,0.125,0.141,0.206,34.88,1,0,/groups/scienceai/kcd635/AF2/predictions/ppi_benchmark/vipr1_human___921,unrelaxed_model_1_multimer_v3_pred_0.pdb,result_model_1_multimer_v3_pred_0.pkl
A,B,0.43,518,0.107,0.131,0.229,37.34,1,0,/groups/scienceai/kcd635/AF2/predictions/ppi_benchmark/cx3c1_human___921,unrelaxed_model_1_multimer_v3_pred_0.pdb,result_model_1_multimer_v3_pred_0.pkl
A,B,0.362,77,0.091,0.116,0.214,34.7,1,0,/groups/scienceai/kcd635/AF2/predictions/ppi_benchmark/vipr1_human___1136,unrelaxed_model_1_multimer_v3_pred_0.pdb,result_model_1_multimer_v3_pred_0.pkl
A,B,0.339,30,0.091,0.128,0.275,39.84,1,0,/groups/scienceai/kcd635/AF2/predictions/ppi_benchmark/c5ar1_human___5654,unrelaxed_model_1_multimer_v3_pred_0.pdb,result_model_1_multimer_v3_pred_0.pkl
A,B,0.39,32,0.152,0.178,0.281,38.4,1,0,/groups/scienceai/kcd635/AF2/predictions/ppi_benchmark/npbw1_human___644,unrelaxed_model_1_multimer_v3_pred_0.pdb,result_model_1_multimer_v3_pred_0.pkl
A,B,0.328,38,0.101,0.132,0.255,38.38,1,0,/groups/scienceai/kcd635/AF2/predictions/ppi_benchmark/npbw2_human___646,unrelaxed_model_1_multimer_v3_pred_0.pdb,result_model_1_multimer_v3_pred_0.pkl
A,B,0.263,70,0.102,0.142,0.299,39.78,1,0,/groups/scienceai/kcd635/AF2/predictions/ppi_benchmark/acthr_human___3606,unrelaxed_model_1_multimer_v3_pred_0.pdb,result_model_1_multimer_v3_pred_0.pkl
A,B,0.338,36,0.087,0.12,0.253,37.03,1,0,/groups/scienceai/kcd635/AF2/predictions/ppi_benchmark/cxcr2_human___1099,unrelaxed_model_1_multimer_v3_pred_0.pdb,result_model_1_multimer_v3_pred_0.pkl
A,B,0.317,34,0.097,0.122,0.22,35.28,1,0,/groups/scienceai/kcd635/AF2/predictions/ppi_benchmark/ednrb_human___1136,unrelaxed_model_1_multimer_v3_pred_0.pdb,result_model_1_multimer_v3_pred_0.pkl
A,B,0.372,31,0.187,0.203,0.266,37.9,1,0,/groups/scienceai/kcd635/AF2/predictions/ppi_benchmark/npsr1_human___1681,unrelaxed_model_1_multimer_v3_pred_0.pdb,result_model_1_multimer_v3_pred_0.pkl
A,B,0.476,325,0.125,0.148,0.239,37.06,1,0,/groups/scienceai/kcd635/AF2/predictions/ppi_benchmark/ccr10_human___758,unrelaxed_model_1_multimer_v3_pred_0.pdb,result_model_1_multimer_v3_pred_0.pkl
A,B,0.303,100,0.093,0.113,0.192,36.25,1,0,/groups/scienceai/kcd635/AF2/predictions/ppi_benchmark/pacr_human___1136,unrelaxed_model_1_multimer_v3_pred_0.pdb,result_model_1_multimer_v3_pred_0.pkl
A,B,0.339,201,0.119,0.154,0.296,37.97,1,0,/groups/scienceai/kcd635/AF2/predictions/ppi_benchmark/mtlr_human___681,unrelaxed_model_1_multimer_v3_pred_0.pdb,result_model_1_multimer_v3_pred_0.pkl
A,B,0.227,69,0.144,0.161,0.229,36.4,1,0,/groups/scienceai/kcd635/AF2/predictions/ppi_benchmark/nmur2_human___1298,unrelaxed_model_1_multimer_v3_pred_0.pdb,result_model_1_multimer_v3_pred_0.pkl
A,B,0.349,41,0.117,0.148,0.27,38.34,1,0,/groups/scienceai/kcd635/AF2/predictions/ppi_benchmark/mshr_human___1320,unrelaxed_model_1_multimer_v3_pred_0.pdb,result_model_1_multimer_v3_pred_0.pkl
A,B,0.415,32,0.113,0.14,0.249,41.38,1,0,/groups/scienceai/kcd635/AF2/predictions/ppi_benchmark/oprd_human___1623,unrelaxed_model_1_multimer_v3_pred_0.pdb,result_model_1_multimer_v3_pred_0.pkl
A,B,0.327,68,0.091,0.123,0.248,37.72,1,0,/groups/scienceai/kcd635/AF2/predictions/ppi_benchmark/vipr2_human___1152,unrelaxed_model_1_multimer_v3_pred_0.pdb,result_model_1_multimer_v3_pred_0.pkl
A,B,0.347,35,0.109,0.136,0.242,36.66,1,0,/groups/scienceai/kcd635/AF2/predictions/ppi_benchmark/npy4r_human___5654,unrelaxed_model_1_multimer_v3_pred_0.pdb,result_model_1_multimer_v3_pred_0.pkl
A,B,0.285,91,0.093,0.116,0.208,34.5,1,0,/groups/scienceai/kcd635/AF2/predictions/ppi_benchmark/mchr2_human___1152,unrelaxed_model_1_multimer_v3_pred_0.pdb,result_model_1_multimer_v3_pred_0.pkl
A,B,0.298,40,0.126,0.143,0.211,37.9,1,0,/groups/scienceai/kcd635/AF2/predictions/ppi_benchmark/fpr1_human___4058,unrelaxed_model_1_multimer_v3_pred_0.pdb,result_model_1_multimer_v3_pred_0.pkl
A,B,0.36,36,0.122,0.151,0.266,38.38,1,0,/groups/scienceai/kcd635/AF2/predictions/ppi_benchmark/mtlr_human___5654,unrelaxed_model_1_multimer_v3_pred_0.pdb,result_model_1_multimer_v3_pred_0.pkl
A,B,0.276,80,0.151,0.168,0.239,39.53,1,0,/groups/scienceai/kcd635/AF2/predictions/ppi_benchmark/ur2r_human___2270,unrelaxed_model_1_multimer_v3_pred_0.pdb,result_model_1_multimer_v3_pred_0.pkl
A,B,0.337,29,0.106,0.136,0.255,35.25,1,0,/groups/scienceai/kcd635/AF2/predictions/ppi_benchmark/pkr1_human___1470,unrelaxed_model_1_multimer_v3_pred_0.pdb,result_model_1_multimer_v3_pred_0.pkl
A,B,0.356,33,0.095,0.119,0.217,36.1,1,0,/groups/scienceai/kcd635/AF2/predictions/ppi_benchmark/oprk_human___1681,unrelaxed_model_1_multimer_v3_pred_0.pdb,result_model_1_multimer_v3_pred_0.pkl
A,B,0.231,110,0.107,0.137,0.259,38.06,1,0,/groups/scienceai/kcd635/AF2/predictions/ppi_benchmark/ntr2_human___5336,unrelaxed_model_1_multimer_v3_pred_0.pdb,result_model_1_multimer_v3_pred_0.pkl
A,B,0.274,72,0.147,0.166,0.242,38.16,1,0,/groups/scienceai/kcd635/AF2/predictions/ppi_benchmark/par4_human___574,unrelaxed_model_1_multimer_v3_pred_0.pdb,result_model_1_multimer_v3_pred_0.pkl
A,B,0.334,36,0.129,0.154,0.253,36.44,1,0,/groups/scienceai/kcd635/AF2/predictions/ppi_benchmark/crfr1_human___2257,unrelaxed_model_1_multimer_v3_pred_0.pdb,result_model_1_multimer_v3_pred_0.pkl
A,B,0.352,37,0.121,0.148,0.255,38.6,1,0,/groups/scienceai/kcd635/AF2/predictions/ppi_benchmark/nk1r_human___5654,unrelaxed_model_1_multimer_v3_pred_0.pdb,result_model_1_multimer_v3_pred_0.pkl
A,B,0.505,184,0.104,0.126,0.214,32.94,1,0,/groups/scienceai/kcd635/AF2/predictions/ppi_benchmark/c3ar_human___1470,unrelaxed_model_1_multimer_v3_pred_0.pdb,result_model_1_multimer_v3_pred_0.pkl
A,B,0.362,36,0.183,0.194,0.238,36.3,1,0,/groups/scienceai/kcd635/AF2/predictions/ppi_benchmark/gasr_human___1283,unrelaxed_model_1_multimer_v3_pred_0.pdb,result_model_1_multimer_v3_pred_0.pkl
A,B,0.273,85,0.107,0.131,0.228,35.88,1,0,/groups/scienceai/kcd635/AF2/predictions/ppi_benchmark/rl3r1_human___681,unrelaxed_model_1_multimer_v3_pred_0.pdb,result_model_1_multimer_v3_pred_0.pkl
A,B,0.365,35,0.123,0.149,0.252,38.34,1,0,/groups/scienceai/kcd635/AF2/predictions/ppi_benchmark/mc3r_human___1579,unrelaxed_model_1_multimer_v3_pred_0.pdb,result_model_1_multimer_v3_pred_0.pkl
A,B,0.541,269,0.096,0.119,0.211,35.78,1,0,/groups/scienceai/kcd635/AF2/predictions/ppi_benchmark/cxcr2_human___2945,unrelaxed_model_1_multimer_v3_pred_0.pdb,result_model_1_multimer_v3_pred_0.pkl
A,B,0.355,32,0.092,0.125,0.259,36.16,1,0,/groups/scienceai/kcd635/AF2/predictions/ppi_benchmark/ghrhr_human___1136,unrelaxed_model_1_multimer_v3_pred_0.pdb,result_model_1_multimer_v3_pred_0.pkl
A,B,0.332,54,0.105,0.133,0.244,36.03,1,0,/groups/scienceai/kcd635/AF2/predictions/ppi_benchmark/ssr1_human___2019,unrelaxed_model_1_multimer_v3_pred_0.pdb,result_model_1_multimer_v3_pred_0.pkl
A,B,0.336,31,0.162,0.182,0.261,36.06,1,0,/groups/scienceai/kcd635/AF2/predictions/ppi_benchmark/ssr3_human___1997,unrelaxed_model_1_multimer_v3_pred_0.pdb,result_model_1_multimer_v3_pred_0.pkl
A,B,0.418,100,0.139,0.157,0.229,35.16,1,0,/groups/scienceai/kcd635/AF2/predictions/ppi_benchmark/npy5r_human___1157,unrelaxed_model_1_multimer_v3_pred_0.pdb,result_model_1_multimer_v3_pred_0.pkl
A,B,0.314,71,0.102,0.128,0.23,35.84,1,0,/groups/scienceai/kcd635/AF2/predictions/ppi_benchmark/npy1r_human___2089,unrelaxed_model_1_multimer_v3_pred_0.pdb,result_model_1_multimer_v3_pred_0.pkl
A,B,0.327,34,0.148,0.171,0.265,36.03,1,0,/groups/scienceai/kcd635/AF2/predictions/ppi_benchmark/calrl_human___1470,unrelaxed_model_1_multimer_v3_pred_0.pdb,result_model_1_multimer_v3_pred_0.pkl
A,B,0.354,52,0.112,0.139,0.244,36.38,1,0,/groups/scienceai/kcd635/AF2/predictions/ppi_benchmark/calrl_human___4057,unrelaxed_model_1_multimer_v3_pred_0.pdb,result_model_1_multimer_v3_pred_0.pkl
A,B,0.171,236,0.164,0.181,0.249,37.16,1,0,/groups/scienceai/kcd635/AF2/predictions/ppi_benchmark/npsr1_human___810,unrelaxed_model_1_multimer_v3_pred_0.pdb,result_model_1_multimer_v3_pred_0.pkl
A,B,0.347,34,0.112,0.128,0.193,33.6,1,0,/groups/scienceai/kcd635/AF2/predictions/ppi_benchmark/ednra_human___921,unrelaxed_model_1_multimer_v3_pred_0.pdb,result_model_1_multimer_v3_pred_0.pkl
A,B,0.345,37,0.145,0.164,0.243,36.16,1,0,/groups/scienceai/kcd635/AF2/predictions/ppi_benchmark/mchr1_human___2019,unrelaxed_model_1_multimer_v3_pred_0.pdb,result_model_1_multimer_v3_pred_0.pkl
A,B,0.353,35,0.133,0.155,0.243,36.97,1,0,/groups/scienceai/kcd635/AF2/predictions/ppi_benchmark/agtr2_human___2019,unrelaxed_model_1_multimer_v3_pred_0.pdb,result_model_1_multimer_v3_pred_0.pkl
A,B,0.335,32,0.109,0.141,0.269,38.06,1,0,/groups/scienceai/kcd635/AF2/predictions/ppi_benchmark/nk2r_human___1871,unrelaxed_model_1_multimer_v3_pred_0.pdb,result_model_1_multimer_v3_pred_0.pkl
A,B,0.547,417,0.162,0.176,0.235,37.38,1,0,/groups/scienceai/kcd635/AF2/predictions/ppi_benchmark/ackr1_human___819,unrelaxed_model_1_multimer_v3_pred_0.pdb,result_model_1_multimer_v3_pred_0.pkl
A,B,0.365,115,0.131,0.15,0.227,38.78,1,0,/groups/scienceai/kcd635/AF2/predictions/ppi_benchmark/gnrhr_human___1162,unrelaxed_model_1_multimer_v3_pred_0.pdb,result_model_1_multimer_v3_pred_0.pkl
A,B,0.345,223,0.085,0.117,0.245,36.56,1,0,/groups/scienceai/kcd635/AF2/predictions/ppi_benchmark/ccr5_human___1136,unrelaxed_model_1_multimer_v3_pred_0.pdb,result_model_1_multimer_v3_pred_0.pkl
A,B,0.342,257,0.095,0.122,0.232,38.53,1,0,/groups/scienceai/kcd635/AF2/predictions/ppi_benchmark/ntr2_human___3643,unrelaxed_model_1_multimer_v3_pred_0.pdb,result_model_1_multimer_v3_pred_0.pkl
A,B,0.371,34,0.148,0.171,0.265,38.75,1,0,/groups/scienceai/kcd635/AF2/predictions/ppi_benchmark/npsr1_human___2174,unrelaxed_model_1_multimer_v3_pred_0.pdb,result_model_1_multimer_v3_pred_0.pkl
A,B,0.507,483,0.105,0.134,0.25,34.62,1,0,/groups/scienceai/kcd635/AF2/predictions/ppi_benchmark/nmbr_human___3594,unrelaxed_model_1_multimer_v3_pred_0.pdb,result_model_1_multimer_v3_pred_0.pkl
A,B,0.373,1516,0.091,0.126,0.263,38.34,1,0,/groups/scienceai/kcd635/AF2/predictions/ppi_benchmark/acthr_human___4358,unrelaxed_model_1_multimer_v3_pred_0.pdb,result_model_1_multimer_v3_pred_0.pkl
A,B,0.291,129,0.143,0.167,0.262,36.5,1,0,/groups/scienceai/kcd635/AF2/predictions/ppi_benchmark/galr1_human___3592,unrelaxed_model_1_multimer_v3_pred_0.pdb,result_model_1_multimer_v3_pred_0.pkl
A,B,0.398,51,0.109,0.135,0.24,36.75,1,0,/groups/scienceai/kcd635/AF2/predictions/ppi_benchmark/npy4r_human___2090,unrelaxed_model_1_multimer_v3_pred_0.pdb,result_model_1_multimer_v3_pred_0.pkl
A,B,0.298,33,0.116,0.141,0.241,35.5,1,0,/groups/scienceai/kcd635/AF2/predictions/ppi_benchmark/npy5r_human___5895,unrelaxed_model_1_multimer_v3_pred_0.pdb,result_model_1_multimer_v3_pred_0.pkl
A,B,0.44,498,0.12,0.142,0.227,38.16,1,0,/groups/scienceai/kcd635/AF2/predictions/ppi_benchmark/ccr3_human___2270,unrelaxed_model_1_multimer_v3_pred_0.pdb,result_model_1_multimer_v3_pred_0.pkl
A,B,0.33,38,0.127,0.167,0.328,41.1,1,0,/groups/scienceai/kcd635/AF2/predictions/ppi_benchmark/v1ar_human___5654,unrelaxed_model_1_multimer_v3_pred_0.pdb,result_model_1_multimer_v3_pred_0.pkl
A,B,0.322,33,0.115,0.14,0.242,35.62,1,0,/groups/scienceai/kcd635/AF2/predictions/ppi_benchmark/crfr1_human___687,unrelaxed_model_1_multimer_v3_pred_0.pdb,result_model_1_multimer_v3_pred_0.pkl
A,B,0.483,341,0.101,0.131,0.254,39.3,1,0,/groups/scienceai/kcd635/AF2/predictions/ppi_benchmark/c5ar1_human___921,unrelaxed_model_1_multimer_v3_pred_0.pdb,result_model_1_multimer_v3_pred_0.pkl
A,B,0.269,65,0.096,0.121,0.218,37.12,1,0,/groups/scienceai/kcd635/AF2/predictions/ppi_benchmark/ccr6_human___1152,unrelaxed_model_1_multimer_v3_pred_0.pdb,result_model_1_multimer_v3_pred_0.pkl
A,B,0.319,220,0.166,0.186,0.262,35.44,1,0,/groups/scienceai/kcd635/AF2/predictions/ppi_benchmark/gpr39_human___1047,unrelaxed_model_1_multimer_v3_pred_0.pdb,result_model_1_multimer_v3_pred_0.pkl
A,B,0.304,36,0.234,0.239,0.26,36.62,1,0,/groups/scienceai/kcd635/AF2/predictions/ppi_benchmark/apj_human___613,unrelaxed_model_1_multimer_v3_pred_0.pdb,result_model_1_multimer_v3_pred_0.pkl
A,B,0.444,647,0.097,0.121,0.216,38.22,1,0,/groups/scienceai/kcd635/AF2/predictions/ppi_benchmark/oprd_human___758,unrelaxed_model_1_multimer_v3_pred_0.pdb,result_model_1_multimer_v3_pred_0.pkl
A,B,0.263,62,0.164,0.178,0.232,35.66,1,0,/groups/scienceai/kcd635/AF2/predictions/ppi_benchmark/qrfpr_human___681,unrelaxed_model_1_multimer_v3_pred_0.pdb,result_model_1_multimer_v3_pred_0.pkl
A,B,0.372,31,0.177,0.201,0.296,38.53,1,0,/groups/scienceai/kcd635/AF2/predictions/ppi_benchmark/v1br_human___1157,unrelaxed_model_1_multimer_v3_pred_0.pdb,result_model_1_multimer_v3_pred_0.pkl
A,B,0.265,141,0.105,0.129,0.221,36.6,1,0,/groups/scienceai/kcd635/AF2/predictions/ppi_benchmark/ccr9_human___810,unrelaxed_model_1_multimer_v3_pred_0.pdb,result_model_1_multimer_v3_pred_0.pkl
A,B,0.367,32,0.094,0.12,0.228,36.0,1,0,/groups/scienceai/kcd635/AF2/predictions/ppi_benchmark/ssr4_human___1643,unrelaxed_model_1_multimer_v3_pred_0.pdb,result_model_1_multimer_v3_pred_0.pkl
A,B,0.23,118,0.115,0.14,0.241,36.34,1,0,/groups/scienceai/kcd635/AF2/predictions/ppi_benchmark/mtlr_human___754,unrelaxed_model_1_multimer_v3_pred_0.pdb,result_model_1_multimer_v3_pred_0.pkl
A,B,0.321,79,0.105,0.123,0.193,36.4,1,0,/groups/scienceai/kcd635/AF2/predictions/ppi_benchmark/pacr_human___3643,unrelaxed_model_1_multimer_v3_pred_0.pdb,result_model_1_multimer_v3_pred_0.pkl
A,B,0.3,147,0.113,0.143,0.266,35.44,1,0,/groups/scienceai/kcd635/AF2/predictions/ppi_benchmark/ssr3_human___681,unrelaxed_model_1_multimer_v3_pred_0.pdb,result_model_1_multimer_v3_pred_0.pkl
A,B,0.408,32,0.209,0.22,0.265,39.03,1,0,/groups/scienceai/kcd635/AF2/predictions/ppi_benchmark/mtlr_human___1623,unrelaxed_model_1_multimer_v3_pred_0.pdb,result_model_1_multimer_v3_pred_0.pkl
A,B,0.507,438,0.107,0.135,0.247,38.94,1,0,/groups/scienceai/kcd635/AF2/predictions/ppi_benchmark/nk2r_human___1514,unrelaxed_model_1_multimer_v3_pred_0.pdb,result_model_1_multimer_v3_pred_0.pkl
A,B,0.382,31,0.093,0.123,0.244,37.3,1,0,/groups/scienceai/kcd635/AF2/predictions/ppi_benchmark/ssr2_human___1620,unrelaxed_model_1_multimer_v3_pred_0.pdb,result_model_1_multimer_v3_pred_0.pkl
A,B,0.364,77,0.107,0.135,0.246,37.4,1,0,/groups/scienceai/kcd635/AF2/predictions/ppi_benchmark/ccr10_human___687,unrelaxed_model_1_multimer_v3_pred_0.pdb,result_model_1_multimer_v3_pred_0.pkl
A,B,0.358,35,0.088,0.114,0.219,36.16,1,0,/groups/scienceai/kcd635/AF2/predictions/ppi_benchmark/ccr1_human___2089,unrelaxed_model_1_multimer_v3_pred_0.pdb,result_model_1_multimer_v3_pred_0.pkl
A,B,0.352,37,0.104,0.129,0.232,33.75,1,0,/groups/scienceai/kcd635/AF2/predictions/ppi_benchmark/grpr_human___2019,unrelaxed_model_1_multimer_v3_pred_0.pdb,result_model_1_multimer_v3_pred_0.pkl
A,B,0.401,125,0.107,0.129,0.216,34.9,1,0,/groups/scienceai/kcd635/AF2/predictions/ppi_benchmark/ednra_human___1620,unrelaxed_model_1_multimer_v3_pred_0.pdb,result_model_1_multimer_v3_pred_0.pkl
A,B,0.383,42,0.101,0.126,0.227,40.06,1,0,/groups/scienceai/kcd635/AF2/predictions/ppi_benchmark/oprd_human___5654,unrelaxed_model_1_multimer_v3_pred_0.pdb,result_model_1_multimer_v3_pred_0.pkl
A,B,0.357,43,0.111,0.137,0.241,37.56,1,0,/groups/scienceai/kcd635/AF2/predictions/ppi_benchmark/vipr2_human___1283,unrelaxed_model_1_multimer_v3_pred_0.pdb,result_model_1_multimer_v3_pred_0.pkl
A,B,0.254,70,0.131,0.15,0.224,35.88,1,0,/groups/scienceai/kcd635/AF2/predictions/ppi_benchmark/trfr_human___4058,unrelaxed_model_1_multimer_v3_pred_0.pdb,result_model_1_multimer_v3_pred_0.pkl
A,B,0.247,80,0.108,0.133,0.232,36.38,1,0,/groups/scienceai/kcd635/AF2/predictions/ppi_benchmark/glr_human___6067,unrelaxed_model_1_multimer_v3_pred_0.pdb,result_model_1_multimer_v3_pred_0.pkl
A,B,0.377,30,0.117,0.141,0.239,36.38,1,0,/groups/scienceai/kcd635/AF2/predictions/ppi_benchmark/ssr2_human___1997,unrelaxed_model_1_multimer_v3_pred_0.pdb,result_model_1_multimer_v3_pred_0.pkl
A,B,0.336,30,0.124,0.14,0.201,34.75,1,0,/groups/scienceai/kcd635/AF2/predictions/ppi_benchmark/cckar_human___1283,unrelaxed_model_1_multimer_v3_pred_0.pdb,result_model_1_multimer_v3_pred_0.pkl
A,B,0.389,123,0.114,0.134,0.217,35.06,1,0,/groups/scienceai/kcd635/AF2/predictions/ppi_benchmark/nmur2_human___1579,unrelaxed_model_1_multimer_v3_pred_0.pdb,result_model_1_multimer_v3_pred_0.pkl
A,B,0.367,38,0.112,0.131,0.206,32.9,1,0,/groups/scienceai/kcd635/AF2/predictions/ppi_benchmark/ednra_human___1997,unrelaxed_model_1_multimer_v3_pred_0.pdb,result_model_1_multimer_v3_pred_0.pkl
A,B,0.276,49,0.141,0.16,0.238,36.5,1,0,/groups/scienceai/kcd635/AF2/predictions/ppi_benchmark/cml1_human___1681,unrelaxed_model_1_multimer_v3_pred_0.pdb,result_model_1_multimer_v3_pred_0.pkl
A,B,0.362,335,0.091,0.117,0.222,35.8,1,0,/groups/scienceai/kcd635/AF2/predictions/ppi_benchmark/c5ar2_human___2945,unrelaxed_model_1_multimer_v3_pred_0.pdb,result_model_1_multimer_v3_pred_0.pkl
A,B,0.274,114,0.134,0.146,0.197,36.28,1,0,/groups/scienceai/kcd635/AF2/predictions/ppi_benchmark/cckar_human___921,unrelaxed_model_1_multimer_v3_pred_0.pdb,result_model_1_multimer_v3_pred_0.pkl
A,B,0.325,29,0.118,0.143,0.244,35.84,1,0,/groups/scienceai/kcd635/AF2/predictions/ppi_benchmark/nk3r_human___5654,unrelaxed_model_1_multimer_v3_pred_0.pdb,result_model_1_multimer_v3_pred_0.pkl
A,B,0.386,311,0.11,0.132,0.22,35.47,1,0,/groups/scienceai/kcd635/AF2/predictions/ppi_benchmark/nmbr_human___3542,unrelaxed_model_1_multimer_v3_pred_0.pdb,result_model_1_multimer_v3_pred_0.pkl
A,B,0.191,235,0.125,0.148,0.238,42.03,1,0,/groups/scienceai/kcd635/AF2/predictions/ppi_benchmark/npbw2_human___573,unrelaxed_model_1_multimer_v3_pred_0.pdb,result_model_1_multimer_v3_pred_0.pkl
A,B,0.354,39,0.157,0.183,0.286,40.66,1,0,/groups/scienceai/kcd635/AF2/predictions/ppi_benchmark/prlhr_human___613,unrelaxed_model_1_multimer_v3_pred_0.pdb,result_model_1_multimer_v3_pred_0.pkl
A,B,0.41,94,0.099,0.128,0.245,39.4,1,0,/groups/scienceai/kcd635/AF2/predictions/ppi_benchmark/cml2_human___644,unrelaxed_model_1_multimer_v3_pred_0.pdb,result_model_1_multimer_v3_pred_0.pkl
A,B,0.35,32,0.113,0.14,0.248,38.28,1,0,/groups/scienceai/kcd635/AF2/predictions/ppi_benchmark/cx3c1_human___644,unrelaxed_model_1_multimer_v3_pred_0.pdb,result_model_1_multimer_v3_pred_0.pkl
A,B,0.301,43,0.111,0.137,0.243,34.22,1,0,/groups/scienceai/kcd635/AF2/predictions/ppi_benchmark/nk3r_human___687,unrelaxed_model_1_multimer_v3_pred_0.pdb,result_model_1_multimer_v3_pred_0.pkl
A,B,0.37,37,0.131,0.158,0.264,36.56,1,0,/groups/scienceai/kcd635/AF2/predictions/ppi_benchmark/ssr3_human___582,unrelaxed_model_1_multimer_v3_pred_0.pdb,result_model_1_multimer_v3_pred_0.pkl
A,B,0.352,33,0.109,0.137,0.248,38.94,1,0,/groups/scienceai/kcd635/AF2/predictions/ppi_benchmark/bkrb1_human___5654,unrelaxed_model_1_multimer_v3_pred_0.pdb,result_model_1_multimer_v3_pred_0.pkl
A,B,0.311,40,0.115,0.143,0.253,38.1,1,0,/groups/scienceai/kcd635/AF2/predictions/ppi_benchmark/cxcr6_human___808,unrelaxed_model_1_multimer_v3_pred_0.pdb,result_model_1_multimer_v3_pred_0.pkl
A,B,0.331,35,0.156,0.178,0.266,38.56,1,0,/groups/scienceai/kcd635/AF2/predictions/ppi_benchmark/xcr1_human___646,unrelaxed_model_1_multimer_v3_pred_0.pdb,result_model_1_multimer_v3_pred_0.pkl
A,B,0.371,375,0.161,0.178,0.243,37.88,1,0,/groups/scienceai/kcd635/AF2/predictions/ppi_benchmark/ackr2_human___808,unrelaxed_model_1_multimer_v3_pred_0.pdb,result_model_1_multimer_v3_pred_0.pkl
A,B,0.404,150,0.158,0.173,0.233,35.75,1,0,/groups/scienceai/kcd635/AF2/predictions/ppi_benchmark/npy5r_human___2168,unrelaxed_model_1_multimer_v3_pred_0.pdb,result_model_1_multimer_v3_pred_0.pkl
A,B,0.327,30,0.102,0.145,0.314,39.03,1,0,/groups/scienceai/kcd635/AF2/predictions/ppi_benchmark/v1ar_human___681,unrelaxed_model_1_multimer_v3_pred_0.pdb,result_model_1_multimer_v3_pred_0.pkl
A,B,0.362,32,0.133,0.158,0.255,39.06,1,0,/groups/scienceai/kcd635/AF2/predictions/ppi_benchmark/c5ar1_human___1495,unrelaxed_model_1_multimer_v3_pred_0.pdb,result_model_1_multimer_v3_pred_0.pkl
A,B,0.399,426,0.124,0.146,0.232,37.5,1,0,/groups/scienceai/kcd635/AF2/predictions/ppi_benchmark/ccr6_human___4358,unrelaxed_model_1_multimer_v3_pred_0.pdb,result_model_1_multimer_v3_pred_0.pkl
A,B,0.312,70,0.098,0.125,0.234,36.5,1,0,/groups/scienceai/kcd635/AF2/predictions/ppi_benchmark/npy1r_human___2090,unrelaxed_model_1_multimer_v3_pred_0.pdb,result_model_1_multimer_v3_pred_0.pkl
A,B,0.347,48,0.144,0.166,0.257,41.9,1,0,/groups/scienceai/kcd635/AF2/predictions/ppi_benchmark/oxyr_human___11417,unrelaxed_model_1_multimer_v3_pred_0.pdb,result_model_1_multimer_v3_pred_0.pkl
A,B,0.345,30,0.186,0.205,0.281,41.12,1,0,/groups/scienceai/kcd635/AF2/predictions/ppi_benchmark/ghsr_human___2156,unrelaxed_model_1_multimer_v3_pred_0.pdb,result_model_1_multimer_v3_pred_0.pkl
A,B,0.147,153,0.129,0.148,0.223,37.66,1,0,/groups/scienceai/kcd635/AF2/predictions/ppi_benchmark/ccr4_human___798,unrelaxed_model_1_multimer_v3_pred_0.pdb,result_model_1_multimer_v3_pred_0.pkl
A,B,0.351,34,0.167,0.191,0.288,40.4,1,0,/groups/scienceai/kcd635/AF2/predictions/ppi_benchmark/kissr_human___11417,unrelaxed_model_1_multimer_v3_pred_0.pdb,result_model_1_multimer_v3_pred_0.pkl
A,B,0.344,32,0.124,0.151,0.259,36.16,1,0,/groups/scienceai/kcd635/AF2/predictions/ppi_benchmark/ghrhr_human___1152,unrelaxed_model_1_multimer_v3_pred_0.pdb,result_model_1_multimer_v3_pred_0.pkl
A,B,0.318,306,0.107,0.137,0.258,37.97,1,0,/groups/scienceai/kcd635/AF2/predictions/ppi_benchmark/cxcr6_human___1152,unrelaxed_model_1_multimer_v3_pred_0.pdb,result_model_1_multimer_v3_pred_0.pkl
A,B,0.304,50,0.076,0.115,0.271,39.88,1,0,/groups/scienceai/kcd635/AF2/predictions/ppi_benchmark/ghsr_human___1099,unrelaxed_model_1_multimer_v3_pred_0.pdb,result_model_1_multimer_v3_pred_0.pkl
A,B,0.354,156,0.119,0.14,0.225,34.88,1,0,/groups/scienceai/kcd635/AF2/predictions/ppi_benchmark/npy5r_human___758,unrelaxed_model_1_multimer_v3_pred_0.pdb,result_model_1_multimer_v3_pred_0.pkl
A,B,0.376,29,0.12,0.147,0.253,37.88,1,0,/groups/scienceai/kcd635/AF2/predictions/ppi_benchmark/crfr2_human___921,unrelaxed_model_1_multimer_v3_pred_0.pdb,result_model_1_multimer_v3_pred_0.pkl
A,B,0.317,37,0.118,0.15,0.278,38.8,1,0,/groups/scienceai/kcd635/AF2/predictions/ppi_benchmark/kissr_human___1643,unrelaxed_model_1_multimer_v3_pred_0.pdb,result_model_1_multimer_v3_pred_0.pkl
A,B,0.349,33,0.117,0.142,0.242,35.6,1,0,/groups/scienceai/kcd635/AF2/predictions/ppi_benchmark/mchr1_human___1681,unrelaxed_model_1_multimer_v3_pred_0.pdb,result_model_1_multimer_v3_pred_0.pkl
A,B,0.543,511,0.108,0.138,0.259,37.2,1,0,/groups/scienceai/kcd635/AF2/predictions/ppi_benchmark/nk1r_human___687,unrelaxed_model_1_multimer_v3_pred_0.pdb,result_model_1_multimer_v3_pred_0.pkl
A,B,0.317,31,0.116,0.145,0.26,38.5,1,0,/groups/scienceai/kcd635/AF2/predictions/ppi_benchmark/ackr3_human___2089,unrelaxed_model_1_multimer_v3_pred_0.pdb,result_model_1_multimer_v3_pred_0.pkl
A,B,0.366,40,0.109,0.13,0.213,36.5,1,0,/groups/scienceai/kcd635/AF2/predictions/ppi_benchmark/npy2r_human___1871,unrelaxed_model_1_multimer_v3_pred_0.pdb,result_model_1_multimer_v3_pred_0.pkl
A,B,0.414,75,0.121,0.14,0.219,34.53,1,0,/groups/scienceai/kcd635/AF2/predictions/ppi_benchmark/mchr2_human___2019,unrelaxed_model_1_multimer_v3_pred_0.pdb,result_model_1_multimer_v3_pred_0.pkl
A,B,0.412,239,0.103,0.131,0.244,36.5,1,0,/groups/scienceai/kcd635/AF2/predictions/ppi_benchmark/fpr3_human___758,unrelaxed_model_1_multimer_v3_pred_0.pdb,result_model_1_multimer_v3_pred_0.pkl
A,B,0.471,391,0.116,0.139,0.229,35.34,1,0,/groups/scienceai/kcd635/AF2/predictions/ppi_benchmark/v2r_human___3594,unrelaxed_model_1_multimer_v3_pred_0.pdb,result_model_1_multimer_v3_pred_0.pkl
A,B,0.293,550,0.1,0.13,0.247,40.25,1,0,/groups/scienceai/kcd635/AF2/predictions/ppi_benchmark/oxyr_human___3646,unrelaxed_model_1_multimer_v3_pred_0.pdb,result_model_1_multimer_v3_pred_0.pkl
A,B,0.321,32,0.148,0.171,0.264,37.78,1,0,/groups/scienceai/kcd635/AF2/predictions/ppi_benchmark/galr2_human___11417,unrelaxed_model_1_multimer_v3_pred_0.pdb,result_model_1_multimer_v3_pred_0.pkl
A,B,0.387,55,0.109,0.137,0.245,36.53,1,0,/groups/scienceai/kcd635/AF2/predictions/ppi_benchmark/npy4r_human___2089,unrelaxed_model_1_multimer_v3_pred_0.pdb,result_model_1_multimer_v3_pred_0.pkl
A,B,0.326,42,0.095,0.12,0.221,36.34,1,0,/groups/scienceai/kcd635/AF2/predictions/ppi_benchmark/ssr4_human___5654,unrelaxed_model_1_multimer_v3_pred_0.pdb,result_model_1_multimer_v3_pred_0.pkl
A,B,0.354,80,0.094,0.123,0.239,35.6,1,0,/groups/scienceai/kcd635/AF2/predictions/ppi_benchmark/nk3r_human___1099,unrelaxed_model_1_multimer_v3_pred_0.pdb,result_model_1_multimer_v3_pred_0.pkl
A,B,0.275,704,0.205,0.212,0.239,39.22,1,0,/groups/scienceai/kcd635/AF2/predictions/ppi_benchmark/cxcr5_human___821,unrelaxed_model_1_multimer_v3_pred_0.pdb,result_model_1_multimer_v3_pred_0.pkl
A,B,0.353,242,0.118,0.142,0.238,37.72,1,0,/groups/scienceai/kcd635/AF2/predictions/ppi_benchmark/ntr2_human___1997,unrelaxed_model_1_multimer_v3_pred_0.pdb,result_model_1_multimer_v3_pred_0.pkl
A,B,0.374,30,0.135,0.16,0.26,37.75,1,0,/groups/scienceai/kcd635/AF2/predictions/ppi_benchmark/ssr2_human___2019,unrelaxed_model_1_multimer_v3_pred_0.pdb,result_model_1_multimer_v3_pred_0.pkl
A,B,0.38,88,0.102,0.13,0.244,36.7,1,0,/groups/scienceai/kcd635/AF2/predictions/ppi_benchmark/ccr6_human___681,unrelaxed_model_1_multimer_v3_pred_0.pdb,result_model_1_multimer_v3_pred_0.pkl
A,B,0.334,31,0.138,0.159,0.24,36.6,1,0,/groups/scienceai/kcd635/AF2/predictions/ppi_benchmark/mrgx2_human___1157,unrelaxed_model_1_multimer_v3_pred_0.pdb,result_model_1_multimer_v3_pred_0.pkl
A,B,0.325,35,0.118,0.14,0.229,36.47,1,0,/groups/scienceai/kcd635/AF2/predictions/ppi_benchmark/cxcr5_human___1136,unrelaxed_model_1_multimer_v3_pred_0.pdb,result_model_1_multimer_v3_pred_0.pkl
A,B,0.44,541,0.116,0.14,0.238,37.2,1,0,/groups/scienceai/kcd635/AF2/predictions/ppi_benchmark/cx3c1_human___681,unrelaxed_model_1_multimer_v3_pred_0.pdb,result_model_1_multimer_v3_pred_0.pkl
A,B,0.291,103,0.102,0.133,0.257,37.53,1,0,/groups/scienceai/kcd635/AF2/predictions/ppi_benchmark/nk2r_human___2257,unrelaxed_model_1_multimer_v3_pred_0.pdb,result_model_1_multimer_v3_pred_0.pkl
A,B,0.366,29,0.112,0.135,0.224,34.03,1,0,/groups/scienceai/kcd635/AF2/predictions/ppi_benchmark/ednrb_human___687,unrelaxed_model_1_multimer_v3_pred_0.pdb,result_model_1_multimer_v3_pred_0.pkl
A,B,0.479,359,0.099,0.131,0.257,37.1,1,0,/groups/scienceai/kcd635/AF2/predictions/ppi_benchmark/cml2_human___681,unrelaxed_model_1_multimer_v3_pred_0.pdb,result_model_1_multimer_v3_pred_0.pkl
A,B,0.262,48,0.105,0.145,0.306,40.7,1,0,/groups/scienceai/kcd635/AF2/predictions/ppi_benchmark/ccr7_human___1136,unrelaxed_model_1_multimer_v3_pred_0.pdb,result_model_1_multimer_v3_pred_0.pkl
A,B,0.283,162,0.16,0.179,0.258,35.84,1,0,/groups/scienceai/kcd635/AF2/predictions/ppi_benchmark/apj_human___1152,unrelaxed_model_1_multimer_v3_pred_0.pdb,result_model_1_multimer_v3_pred_0.pkl
A,B,0.227,893,0.111,0.141,0.259,38.72,1,0,/groups/scienceai/kcd635/AF2/predictions/ppi_benchmark/ghsr_human___754,unrelaxed_model_1_multimer_v3_pred_0.pdb,result_model_1_multimer_v3_pred_0.pkl
A,B,0.427,339,0.104,0.132,0.245,40.03,1,0,/groups/scienceai/kcd635/AF2/predictions/ppi_benchmark/galr1_human___573,unrelaxed_model_1_multimer_v3_pred_0.pdb,result_model_1_multimer_v3_pred_0.pkl
A,B,0.282,38,0.168,0.192,0.289,39.53,1,0,/groups/scienceai/kcd635/AF2/predictions/ppi_benchmark/galr3_human___613,unrelaxed_model_1_multimer_v3_pred_0.pdb,result_model_1_multimer_v3_pred_0.pkl
A,B,0.156,268,0.1,0.147,0.336,41.7,1,0,/groups/scienceai/kcd635/AF2/predictions/ppi_benchmark/fpr2_human___2945,unrelaxed_model_1_multimer_v3_pred_0.pdb,result_model_1_multimer_v3_pred_0.pkl
A,B,0.362,33,0.204,0.222,0.292,38.0,1,0,/groups/scienceai/kcd635/AF2/predictions/ppi_benchmark/v1br_human___2168,unrelaxed_model_1_multimer_v3_pred_0.pdb,result_model_1_multimer_v3_pred_0.pkl
A,B,0.367,33,0.1,0.127,0.232,36.66,1,0,/groups/scienceai/kcd635/AF2/predictions/ppi_benchmark/bkrb2_human___5654,unrelaxed_model_1_multimer_v3_pred_0.pdb,result_model_1_multimer_v3_pred_0.pkl
A,B,0.353,42,0.111,0.139,0.25,35.1,1,0,/groups/scienceai/kcd635/AF2/predictions/ppi_benchmark/ssr1_human___1997,unrelaxed_model_1_multimer_v3_pred_0.pdb,result_model_1_multimer_v3_pred_0.pkl
A,B,0.369,45,0.299,0.294,0.276,41.0,1,0,/groups/scienceai/kcd635/AF2/predictions/ppi_benchmark/ur2r_human___2156,unrelaxed_model_1_multimer_v3_pred_0.pdb,result_model_1_multimer_v3_pred_0.pkl
A,B,0.338,31,0.122,0.141,0.213,37.25,1,0,/groups/scienceai/kcd635/AF2/predictions/ppi_benchmark/calcr_human___1099,unrelaxed_model_1_multimer_v3_pred_0.pdb,result_model_1_multimer_v3_pred_0.pkl
A,B,0.582,498,0.209,0.221,0.266,37.84,1,0,/groups/scienceai/kcd635/AF2/predictions/ppi_benchmark/galr2_human___921,unrelaxed_model_1_multimer_v3_pred_0.pdb,result_model_1_multimer_v3_pred_0.pkl
A,B,0.343,38,0.226,0.244,0.314,37.72,1,0,/groups/scienceai/kcd635/AF2/predictions/ppi_benchmark/ssr3_human___2019,unrelaxed_model_1_multimer_v3_pred_0.pdb,result_model_1_multimer_v3_pred_0.pkl
A,B,0.432,487,0.101,0.136,0.279,39.3,1,0,/groups/scienceai/kcd635/AF2/predictions/ppi_benchmark/agtr1_human___921,unrelaxed_model_1_multimer_v3_pred_0.pdb,result_model_1_multimer_v3_pred_0.pkl
A,B,0.517,464,0.108,0.142,0.279,38.78,1,0,/groups/scienceai/kcd635/AF2/predictions/ppi_benchmark/galr3_human___1136,unrelaxed_model_1_multimer_v3_pred_0.pdb,result_model_1_multimer_v3_pred_0.pkl
A,B,0.354,32,0.138,0.173,0.313,41.25,1,0,/groups/scienceai/kcd635/AF2/predictions/ppi_benchmark/nmur1_human___1579,unrelaxed_model_1_multimer_v3_pred_0.pdb,result_model_1_multimer_v3_pred_0.pkl
A,B,0.328,35,0.158,0.17,0.219,34.34,1,0,/groups/scienceai/kcd635/AF2/predictions/ppi_benchmark/ednrb_human___1997,unrelaxed_model_1_multimer_v3_pred_0.pdb,result_model_1_multimer_v3_pred_0.pkl
A,B,0.288,54,0.116,0.144,0.259,38.03,1,0,/groups/scienceai/kcd635/AF2/predictions/ppi_benchmark/cml2_human___1681,unrelaxed_model_1_multimer_v3_pred_0.pdb,result_model_1_multimer_v3_pred_0.pkl
A,B,0.36,38,0.098,0.124,0.23,38.88,1,0,/groups/scienceai/kcd635/AF2/predictions/ppi_benchmark/ssr5_human___5654,unrelaxed_model_1_multimer_v3_pred_0.pdb,result_model_1_multimer_v3_pred_0.pkl
A,B,0.42,585,0.141,0.157,0.22,37.22,1,0,/groups/scienceai/kcd635/AF2/predictions/ppi_benchmark/cxcr5_human___819,unrelaxed_model_1_multimer_v3_pred_0.pdb,result_model_1_multimer_v3_pred_0.pkl
A,B,0.355,173,0.101,0.136,0.279,39.38,1,0,/groups/scienceai/kcd635/AF2/predictions/ppi_benchmark/agtr1_human___3643,unrelaxed_model_1_multimer_v3_pred_0.pdb,result_model_1_multimer_v3_pred_0.pkl
A,B,0.341,49,0.105,0.133,0.246,35.88,1,0,/groups/scienceai/kcd635/AF2/predictions/ppi_benchmark/ssr1_human___1620,unrelaxed_model_1_multimer_v3_pred_0.pdb,result_model_1_multimer_v3_pred_0.pkl
A,B,0.408,309,0.123,0.149,0.253,35.2,1,0,/groups/scienceai/kcd635/AF2/predictions/ppi_benchmark/ccr5_human___758,unrelaxed_model_1_multimer_v3_pred_0.pdb,result_model_1_multimer_v3_pred_0.pkl
A,B,0.308,44,0.105,0.128,0.22,36.44,1,0,/groups/scienceai/kcd635/AF2/predictions/ppi_benchmark/ccr4_human___1152,unrelaxed_model_1_multimer_v3_pred_0.pdb,result_model_1_multimer_v3_pred_0.pkl
A,B,0.264,105,0.195,0.211,0.274,39.2,1,0,/groups/scienceai/kcd635/AF2/predictions/ppi_benchmark/ackr3_human___1004,unrelaxed_model_1_multimer_v3_pred_0.pdb,result_model_1_multimer_v3_pred_0.pkl
A,B,0.491,222,0.103,0.126,0.218,35.44,1,0,/groups/scienceai/kcd635/AF2/predictions/ppi_benchmark/glp1r_human___3542,unrelaxed_model_1_multimer_v3_pred_0.pdb,result_model_1_multimer_v3_pred_0.pkl
A,B,0.427,163,0.135,0.152,0.221,35.62,1,0,/groups/scienceai/kcd635/AF2/predictions/ppi_benchmark/ednrb_human___1620,unrelaxed_model_1_multimer_v3_pred_0.pdb,result_model_1_multimer_v3_pred_0.pkl
A,B,0.365,35,0.16,0.177,0.242,35.4,1,0,/groups/scienceai/kcd635/AF2/predictions/ppi_benchmark/g37l1_human___1140,unrelaxed_model_1_multimer_v3_pred_0.pdb,result_model_1_multimer_v3_pred_0.pkl
A,B,0.415,101,0.182,0.22,0.372,43.25,1,0,/groups/scienceai/kcd635/AF2/predictions/ppi_benchmark/crfr2_human___2168,unrelaxed_model_1_multimer_v3_pred_0.pdb,result_model_1_multimer_v3_pred_0.pkl
A,B,0.29,72,0.142,0.164,0.253,37.47,1,0,/groups/scienceai/kcd635/AF2/predictions/ppi_benchmark/cxcr4_human___4358,unrelaxed_model_1_multimer_v3_pred_0.pdb,result_model_1_multimer_v3_pred_0.pkl
A,B,0.521,451,0.275,0.266,0.226,37.66,1,0,/groups/scienceai/kcd635/AF2/predictions/ppi_benchmark/cxcr2_human___758,unrelaxed_model_1_multimer_v3_pred_0.pdb,result_model_1_multimer_v3_pred_0.pkl
A,B,0.367,32,0.125,0.148,0.243,37.0,1,0,/groups/scienceai/kcd635/AF2/predictions/ppi_benchmark/agtr2_human___1620,unrelaxed_model_1_multimer_v3_pred_0.pdb,result_model_1_multimer_v3_pred_0.pkl
A,B,0.362,34,0.149,0.167,0.243,37.0,1,0,/groups/scienceai/kcd635/AF2/predictions/ppi_benchmark/mchr1_human___1620,unrelaxed_model_1_multimer_v3_pred_0.pdb,result_model_1_multimer_v3_pred_0.pkl
A,B,0.263,156,0.138,0.162,0.257,38.97,1,0,/groups/scienceai/kcd635/AF2/predictions/ppi_benchmark/ackr3_human___921,unrelaxed_model_1_multimer_v3_pred_0.pdb,result_model_1_multimer_v3_pred_0.pkl
A,B,0.377,34,0.096,0.122,0.229,37.44,1,0,/groups/scienceai/kcd635/AF2/predictions/ppi_benchmark/ccr1_human___861,unrelaxed_model_1_multimer_v3_pred_0.pdb,result_model_1_multimer_v3_pred_0.pkl
A,B,0.461,242,0.108,0.13,0.219,36.2,1,0,/groups/scienceai/kcd635/AF2/predictions/ppi_benchmark/ccr8_human___812,unrelaxed_model_1_multimer_v3_pred_0.pdb,result_model_1_multimer_v3_pred_0.pkl
A,B,0.485,466,0.103,0.132,0.244,37.2,1,0,/groups/scienceai/kcd635/AF2/predictions/ppi_benchmark/npsr1_human___2945,unrelaxed_model_1_multimer_v3_pred_0.pdb,result_model_1_multimer_v3_pred_0.pkl
A,B,0.372,44,0.118,0.144,0.248,36.03,1,0,/groups/scienceai/kcd635/AF2/predictions/ppi_benchmark/par4_human___1997,unrelaxed_model_1_multimer_v3_pred_0.pdb,result_model_1_multimer_v3_pred_0.pkl
A,B,0.319,177,0.141,0.162,0.245,38.88,1,0,/groups/scienceai/kcd635/AF2/predictions/ppi_benchmark/mrgx1_human___1272,unrelaxed_model_1_multimer_v3_pred_0.pdb,result_model_1_multimer_v3_pred_0.pkl
A,B,0.241,554,0.105,0.133,0.248,39.78,1,0,/groups/scienceai/kcd635/AF2/predictions/ppi_benchmark/hrh4_human___3645,unrelaxed_model_1_multimer_v3_pred_0.pdb,result_model_1_multimer_v3_pred_0.pkl
A,B,0.278,42,0.108,0.13,0.217,35.84,1,0,/groups/scienceai/kcd635/AF2/predictions/ppi_benchmark/glp1r_human___2257,unrelaxed_model_1_multimer_v3_pred_0.pdb,result_model_1_multimer_v3_pred_0.pkl
A,B,0.365,44,0.11,0.137,0.244,37.94,1,0,/groups/scienceai/kcd635/AF2/predictions/ppi_benchmark/vipr2_human___2156,unrelaxed_model_1_multimer_v3_pred_0.pdb,result_model_1_multimer_v3_pred_0.pkl
A,B,0.339,36,0.102,0.129,0.237,34.5,1,0,/groups/scienceai/kcd635/AF2/predictions/ppi_benchmark/grpr_human___11417,unrelaxed_model_1_multimer_v3_pred_0.pdb,result_model_1_multimer_v3_pred_0.pkl
A,B,0.357,32,0.096,0.12,0.213,35.94,1,0,/groups/scienceai/kcd635/AF2/predictions/ppi_benchmark/calcr_human___921,unrelaxed_model_1_multimer_v3_pred_0.pdb,result_model_1_multimer_v3_pred_0.pkl
A,B,0.316,43,0.104,0.129,0.227,33.56,1,0,/groups/scienceai/kcd635/AF2/predictions/ppi_benchmark/npff1_human___3592,unrelaxed_model_1_multimer_v3_pred_0.pdb,result_model_1_multimer_v3_pred_0.pkl
A,B,0.329,40,0.179,0.198,0.273,38.8,1,0,/groups/scienceai/kcd635/AF2/predictions/ppi_benchmark/ackr3_human___5336,unrelaxed_model_1_multimer_v3_pred_0.pdb,result_model_1_multimer_v3_pred_0.pkl
A,B,0.304,42,0.1,0.126,0.232,36.3,1,0,/groups/scienceai/kcd635/AF2/predictions/ppi_benchmark/mc4r_human___1140,unrelaxed_model_1_multimer_v3_pred_0.pdb,result_model_1_multimer_v3_pred_0.pkl
A,B,0.362,30,0.175,0.197,0.284,37.72,1,0,/groups/scienceai/kcd635/AF2/predictions/ppi_benchmark/v1br_human___1579,unrelaxed_model_1_multimer_v3_pred_0.pdb,result_model_1_multimer_v3_pred_0.pkl
A,B,0.275,94,0.109,0.145,0.288,41.2,1,0,/groups/scienceai/kcd635/AF2/predictions/ppi_benchmark/mrgx1_human___3735,unrelaxed_model_1_multimer_v3_pred_0.pdb,result_model_1_multimer_v3_pred_0.pkl
A,B,0.35,31,0.126,0.144,0.216,36.06,1,0,/groups/scienceai/kcd635/AF2/predictions/ppi_benchmark/calcr_human___3643,unrelaxed_model_1_multimer_v3_pred_0.pdb,result_model_1_multimer_v3_pred_0.pkl
A,B,0.379,502,0.116,0.143,0.249,38.88,1,0,/groups/scienceai/kcd635/AF2/predictions/ppi_benchmark/oxyr_human___3594,unrelaxed_model_1_multimer_v3_pred_0.pdb,result_model_1_multimer_v3_pred_0.pkl
A,B,0.336,30,0.097,0.125,0.237,36.28,1,0,/groups/scienceai/kcd635/AF2/predictions/ppi_benchmark/ssr2_human___1643,unrelaxed_model_1_multimer_v3_pred_0.pdb,result_model_1_multimer_v3_pred_0.pkl
A,B,0.379,36,0.166,0.182,0.244,35.1,1,0,/groups/scienceai/kcd635/AF2/predictions/ppi_benchmark/nmbr_human___613,unrelaxed_model_1_multimer_v3_pred_0.pdb,result_model_1_multimer_v3_pred_0.pkl
A,B,0.34,1911,0.112,0.142,0.263,37.72,1,0,/groups/scienceai/kcd635/AF2/predictions/ppi_benchmark/oprk_human___2945,unrelaxed_model_1_multimer_v3_pred_0.pdb,result_model_1_multimer_v3_pred_0.pkl
A,B,0.336,54,0.113,0.136,0.23,34.88,1,0,/groups/scienceai/kcd635/AF2/predictions/ppi_benchmark/ssr1_human___11417,unrelaxed_model_1_multimer_v3_pred_0.pdb,result_model_1_multimer_v3_pred_0.pkl
A,B,0.37,42,0.139,0.155,0.221,38.66,1,0,/groups/scienceai/kcd635/AF2/predictions/ppi_benchmark/oprd_human___2019,unrelaxed_model_1_multimer_v3_pred_0.pdb,result_model_1_multimer_v3_pred_0.pkl
A,B,0.349,38,0.104,0.127,0.217,35.7,1,0,/groups/scienceai/kcd635/AF2/predictions/ppi_benchmark/ssr4_human___1620,unrelaxed_model_1_multimer_v3_pred_0.pdb,result_model_1_multimer_v3_pred_0.pkl
A,B,0.265,81,0.145,0.167,0.253,38.16,1,0,/groups/scienceai/kcd635/AF2/predictions/ppi_benchmark/cxcr4_human___808,unrelaxed_model_1_multimer_v3_pred_0.pdb,result_model_1_multimer_v3_pred_0.pkl
A,B,0.328,198,0.098,0.122,0.22,35.2,1,0,/groups/scienceai/kcd635/AF2/predictions/ppi_benchmark/ccr3_human___3647,unrelaxed_model_1_multimer_v3_pred_0.pdb,result_model_1_multimer_v3_pred_0.pkl
A,B,0.37,30,0.112,0.137,0.24,35.3,1,0,/groups/scienceai/kcd635/AF2/predictions/ppi_benchmark/nmbr_human___1871,unrelaxed_model_1_multimer_v3_pred_0.pdb,result_model_1_multimer_v3_pred_0.pkl
A,B,0.371,31,0.113,0.142,0.256,38.5,1,0,/groups/scienceai/kcd635/AF2/predictions/ppi_benchmark/ur2r_human___3643,unrelaxed_model_1_multimer_v3_pred_0.pdb,result_model_1_multimer_v3_pred_0.pkl
A,B,0.336,36,0.165,0.188,0.279,39.3,1,0,/groups/scienceai/kcd635/AF2/predictions/ppi_benchmark/kissr_human___644,unrelaxed_model_1_multimer_v3_pred_0.pdb,result_model_1_multimer_v3_pred_0.pkl
A,B,0.31,41,0.097,0.123,0.227,34.16,1,0,/groups/scienceai/kcd635/AF2/predictions/ppi_benchmark/npff1_human___1136,unrelaxed_model_1_multimer_v3_pred_0.pdb,result_model_1_multimer_v3_pred_0.pkl
A,B,0.446,672,0.101,0.13,0.245,37.34,1,0,/groups/scienceai/kcd635/AF2/predictions/ppi_benchmark/hrh4_human___1272,unrelaxed_model_1_multimer_v3_pred_0.pdb,result_model_1_multimer_v3_pred_0.pkl
A,B,0.291,61,0.113,0.14,0.248,37.66,1,0,/groups/scienceai/kcd635/AF2/predictions/ppi_benchmark/npbw2_human___1579,unrelaxed_model_1_multimer_v3_pred_0.pdb,result_model_1_multimer_v3_pred_0.pkl
A,B,0.473,609,0.091,0.119,0.231,37.06,1,0,/groups/scienceai/kcd635/AF2/predictions/ppi_benchmark/cxcr6_human___2270,unrelaxed_model_1_multimer_v3_pred_0.pdb,result_model_1_multimer_v3_pred_0.pkl
A,B,0.39,89,0.096,0.131,0.271,36.72,1,0,/groups/scienceai/kcd635/AF2/predictions/ppi_benchmark/ghrhr_human___2270,unrelaxed_model_1_multimer_v3_pred_0.pdb,result_model_1_multimer_v3_pred_0.pkl
A,B,0.359,243,0.118,0.148,0.265,36.4,1,0,/groups/scienceai/kcd635/AF2/predictions/ppi_benchmark/v1br_human___798,unrelaxed_model_1_multimer_v3_pred_0.pdb,result_model_1_multimer_v3_pred_0.pkl
A,B,0.348,31,0.159,0.177,0.252,35.28,1,0,/groups/scienceai/kcd635/AF2/predictions/ppi_benchmark/pkr1_human___1157,unrelaxed_model_1_multimer_v3_pred_0.pdb,result_model_1_multimer_v3_pred_0.pkl
A,B,0.419,138,0.132,0.151,0.23,35.16,1,0,/groups/scienceai/kcd635/AF2/predictions/ppi_benchmark/ednrb_human___613,unrelaxed_model_1_multimer_v3_pred_0.pdb,result_model_1_multimer_v3_pred_0.pkl
A,B,0.378,174,0.144,0.165,0.247,38.0,1,0,/groups/scienceai/kcd635/AF2/predictions/ppi_benchmark/ackr4_human___758,unrelaxed_model_1_multimer_v3_pred_0.pdb,result_model_1_multimer_v3_pred_0.pkl
A,B,0.264,74,0.117,0.148,0.27,38.6,1,0,/groups/scienceai/kcd635/AF2/predictions/ppi_benchmark/c5ar1_human___3592,unrelaxed_model_1_multimer_v3_pred_0.pdb,result_model_1_multimer_v3_pred_0.pkl
A,B,0.252,77,0.103,0.13,0.236,37.38,1,0,/groups/scienceai/kcd635/AF2/predictions/ppi_benchmark/mc5r_human___1643,unrelaxed_model_1_multimer_v3_pred_0.pdb,result_model_1_multimer_v3_pred_0.pkl
A,B,0.361,30,0.161,0.183,0.269,36.84,1,0,/groups/scienceai/kcd635/AF2/predictions/ppi_benchmark/ssr3_human___6067,unrelaxed_model_1_multimer_v3_pred_0.pdb,result_model_1_multimer_v3_pred_0.pkl
A,B,0.334,44,0.106,0.134,0.25,36.88,1,0,/groups/scienceai/kcd635/AF2/predictions/ppi_benchmark/npy4r_human___1136,unrelaxed_model_1_multimer_v3_pred_0.pdb,result_model_1_multimer_v3_pred_0.pkl
A,B,0.276,53,0.183,0.199,0.263,37.16,1,0,/groups/scienceai/kcd635/AF2/predictions/ppi_benchmark/ccr2_human___921,unrelaxed_model_1_multimer_v3_pred_0.pdb,result_model_1_multimer_v3_pred_0.pkl
A,B,0.51,366,0.189,0.19,0.192,38.3,1,0,/groups/scienceai/kcd635/AF2/predictions/ppi_benchmark/fpr1_human___1152,unrelaxed_model_1_multimer_v3_pred_0.pdb,result_model_1_multimer_v3_pred_0.pkl
A,B,0.519,98,0.133,0.153,0.234,36.8,1,0,/groups/scienceai/kcd635/AF2/predictions/ppi_benchmark/glp1r_human___1333,unrelaxed_model_1_multimer_v3_pred_0.pdb,result_model_1_multimer_v3_pred_0.pkl
A,B,0.337,36,0.307,0.309,0.314,40.25,1,0,/groups/scienceai/kcd635/AF2/predictions/ppi_benchmark/mtlr_human___1136,unrelaxed_model_1_multimer_v3_pred_0.pdb,result_model_1_multimer_v3_pred_0.pkl
A,B,0.31,408,0.155,0.173,0.248,36.72,1,0,/groups/scienceai/kcd635/AF2/predictions/ppi_benchmark/ccr3_human___4358,unrelaxed_model_1_multimer_v3_pred_0.pdb,result_model_1_multimer_v3_pred_0.pkl
A,B,0.521,538,0.107,0.136,0.249,37.03,1,0,/groups/scienceai/kcd635/AF2/predictions/ppi_benchmark/nk2r_human___3542,unrelaxed_model_1_multimer_v3_pred_0.pdb,result_model_1_multimer_v3_pred_0.pkl
A,B,0.377,32,0.138,0.174,0.317,39.16,1,0,/groups/scienceai/kcd635/AF2/predictions/ppi_benchmark/v1ar_human___2019,unrelaxed_model_1_multimer_v3_pred_0.pdb,result_model_1_multimer_v3_pred_0.pkl
A,B,0.33,38,0.157,0.191,0.328,40.7,1,0,/groups/scienceai/kcd635/AF2/predictions/ppi_benchmark/v1ar_human___585,unrelaxed_model_1_multimer_v3_pred_0.pdb,result_model_1_multimer_v3_pred_0.pkl
A,B,0.336,34,0.089,0.134,0.312,41.1,1,0,/groups/scienceai/kcd635/AF2/predictions/ppi_benchmark/mrgx1_human___1579,unrelaxed_model_1_multimer_v3_pred_0.pdb,result_model_1_multimer_v3_pred_0.pkl
A,B,0.344,30,0.098,0.124,0.228,37.44,1,0,/groups/scienceai/kcd635/AF2/predictions/ppi_benchmark/ccr8_human___3606,unrelaxed_model_1_multimer_v3_pred_0.pdb,result_model_1_multimer_v3_pred_0.pkl
A,B,0.31,41,0.086,0.116,0.235,36.72,1,0,/groups/scienceai/kcd635/AF2/predictions/ppi_benchmark/c5ar2_human___3935,unrelaxed_model_1_multimer_v3_pred_0.pdb,result_model_1_multimer_v3_pred_0.pkl
A,B,0.291,41,0.081,0.115,0.252,38.66,1,0,/groups/scienceai/kcd635/AF2/predictions/ppi_benchmark/c5ar1_human___1136,unrelaxed_model_1_multimer_v3_pred_0.pdb,result_model_1_multimer_v3_pred_0.pkl
A,B,0.334,55,0.091,0.121,0.24,36.16,1,0,/groups/scienceai/kcd635/AF2/predictions/ppi_benchmark/ssr1_human___5654,unrelaxed_model_1_multimer_v3_pred_0.pdb,result_model_1_multimer_v3_pred_0.pkl
A,B,0.373,30,0.119,0.14,0.226,37.56,1,0,/groups/scienceai/kcd635/AF2/predictions/ppi_benchmark/ssr5_human___1997,unrelaxed_model_1_multimer_v3_pred_0.pdb,result_model_1_multimer_v3_pred_0.pkl
A,B,0.37,43,0.096,0.129,0.259,36.53,1,0,/groups/scienceai/kcd635/AF2/predictions/ppi_benchmark/ntr1_human___1099,unrelaxed_model_1_multimer_v3_pred_0.pdb,result_model_1_multimer_v3_pred_0.pkl
A,B,0.417,322,0.098,0.122,0.217,36.06,1,0,/groups/scienceai/kcd635/AF2/predictions/ppi_benchmark/ccr4_human___771,unrelaxed_model_1_multimer_v3_pred_0.pdb,result_model_1_multimer_v3_pred_0.pkl
A,B,0.231,957,0.092,0.119,0.227,38.97,1,0,/groups/scienceai/kcd635/AF2/predictions/ppi_benchmark/gipr_human___1152,unrelaxed_model_1_multimer_v3_pred_0.pdb,result_model_1_multimer_v3_pred_0.pkl
A,B,0.39,177,0.112,0.133,0.216,36.6,1,0,/groups/scienceai/kcd635/AF2/predictions/ppi_benchmark/fpr1_human___3935,unrelaxed_model_1_multimer_v3_pred_0.pdb,result_model_1_multimer_v3_pred_0.pkl
A,B,0.316,35,0.193,0.24,0.428,48.0,1,0,/groups/scienceai/kcd635/AF2/predictions/ppi_benchmark/crfr2_human___1272,unrelaxed_model_1_multimer_v3_pred_0.pdb,result_model_1_multimer_v3_pred_0.pkl
A,B,0.444,165,0.104,0.125,0.211,35.2,1,0,/groups/scienceai/kcd635/AF2/predictions/ppi_benchmark/glp1r_human___1140,unrelaxed_model_1_multimer_v3_pred_0.pdb,result_model_1_multimer_v3_pred_0.pkl
A,B,0.265,750,0.205,0.216,0.259,40.03,1,0,/groups/scienceai/kcd635/AF2/predictions/ppi_benchmark/ackr3_human___4358,unrelaxed_model_1_multimer_v3_pred_0.pdb,result_model_1_multimer_v3_pred_0.pkl
A,B,0.367,51,0.119,0.15,0.272,39.3,1,0,/groups/scienceai/kcd635/AF2/predictions/ppi_benchmark/mshr_human___1579,unrelaxed_model_1_multimer_v3_pred_0.pdb,result_model_1_multimer_v3_pred_0.pkl
A,B,0.356,37,0.128,0.152,0.247,37.75,1,0,/groups/scienceai/kcd635/AF2/predictions/ppi_benchmark/bkrb1_human___644,unrelaxed_model_1_multimer_v3_pred_0.pdb,result_model_1_multimer_v3_pred_0.pkl
A,B,0.276,100,0.105,0.13,0.23,36.78,1,0,/groups/scienceai/kcd635/AF2/predictions/ppi_benchmark/ccr3_human___1136,unrelaxed_model_1_multimer_v3_pred_0.pdb,result_model_1_multimer_v3_pred_0.pkl
A,B,0.546,583,0.18,0.201,0.284,40.7,1,0,/groups/scienceai/kcd635/AF2/predictions/ppi_benchmark/mrgx1_human___1504,unrelaxed_model_1_multimer_v3_pred_0.pdb,result_model_1_multimer_v3_pred_0.pkl
A,B,0.384,39,0.123,0.148,0.248,36.88,1,0,/groups/scienceai/kcd635/AF2/predictions/ppi_benchmark/bkrb2_human___646,unrelaxed_model_1_multimer_v3_pred_0.pdb,result_model_1_multimer_v3_pred_0.pkl
A,B,0.246,1278,0.145,0.171,0.272,36.9,1,0,/groups/scienceai/kcd635/AF2/predictions/ppi_benchmark/v1br_human___3645,unrelaxed_model_1_multimer_v3_pred_0.pdb,result_model_1_multimer_v3_pred_0.pkl
A,B,0.312,242,0.106,0.133,0.241,36.5,1,0,/groups/scienceai/kcd635/AF2/predictions/ppi_benchmark/npy5r_human___1504,unrelaxed_model_1_multimer_v3_pred_0.pdb,result_model_1_multimer_v3_pred_0.pkl
A,B,0.381,38,0.112,0.138,0.245,37.3,1,0,/groups/scienceai/kcd635/AF2/predictions/ppi_benchmark/bkrb1_human___582,unrelaxed_model_1_multimer_v3_pred_0.pdb,result_model_1_multimer_v3_pred_0.pkl
A,B,0.374,285,0.104,0.135,0.261,33.94,1,0,/groups/scienceai/kcd635/AF2/predictions/ppi_benchmark/fpr3_human___1152,unrelaxed_model_1_multimer_v3_pred_0.pdb,result_model_1_multimer_v3_pred_0.pkl
A,B,0.336,41,0.147,0.167,0.244,36.84,1,0,/groups/scienceai/kcd635/AF2/predictions/ppi_benchmark/agtr2_human___613,unrelaxed_model_1_multimer_v3_pred_0.pdb,result_model_1_multimer_v3_pred_0.pkl
A,B,0.303,80,0.089,0.115,0.215,34.47,1,0,/groups/scienceai/kcd635/AF2/predictions/ppi_benchmark/npy1r_human___812,unrelaxed_model_1_multimer_v3_pred_0.pdb,result_model_1_multimer_v3_pred_0.pkl
A,B,0.354,32,0.105,0.139,0.273,39.03,1,0,/groups/scienceai/kcd635/AF2/predictions/ppi_benchmark/prlhr_human___687,unrelaxed_model_1_multimer_v3_pred_0.pdb,result_model_1_multimer_v3_pred_0.pkl
A,B,0.362,36,0.125,0.149,0.246,39.03,1,0,/groups/scienceai/kcd635/AF2/predictions/ppi_benchmark/oprd_human___1681,unrelaxed_model_1_multimer_v3_pred_0.pdb,result_model_1_multimer_v3_pred_0.pkl
A,B,0.278,93,0.137,0.168,0.294,41.0,1,0,/groups/scienceai/kcd635/AF2/predictions/ppi_benchmark/sctr_human___2257,unrelaxed_model_1_multimer_v3_pred_0.pdb,result_model_1_multimer_v3_pred_0.pkl
A,B,0.357,30,0.111,0.134,0.224,35.25,1,0,/groups/scienceai/kcd635/AF2/predictions/ppi_benchmark/npff1_human___3935,unrelaxed_model_1_multimer_v3_pred_0.pdb,result_model_1_multimer_v3_pred_0.pkl
A,B,0.307,30,0.101,0.136,0.275,38.78,1,0,/groups/scienceai/kcd635/AF2/predictions/ppi_benchmark/nmur1_human___5895,unrelaxed_model_1_multimer_v3_pred_0.pdb,result_model_1_multimer_v3_pred_0.pkl
A,B,0.357,31,0.101,0.128,0.236,34.75,1,0,/groups/scienceai/kcd635/AF2/predictions/ppi_benchmark/mchr1_human___1643,unrelaxed_model_1_multimer_v3_pred_0.pdb,result_model_1_multimer_v3_pred_0.pkl
A,B,0.319,42,0.121,0.143,0.232,36.4,1,0,/groups/scienceai/kcd635/AF2/predictions/ppi_benchmark/ssr4_human___11417,unrelaxed_model_1_multimer_v3_pred_0.pdb,result_model_1_multimer_v3_pred_0.pkl
A,B,0.335,39,0.126,0.149,0.243,39.3,1,0,/groups/scienceai/kcd635/AF2/predictions/ppi_benchmark/ur2r_human___1620,unrelaxed_model_1_multimer_v3_pred_0.pdb,result_model_1_multimer_v3_pred_0.pkl
A,B,0.373,34,0.104,0.131,0.239,36.12,1,0,/groups/scienceai/kcd635/AF2/predictions/ppi_benchmark/gasr_human___5654,unrelaxed_model_1_multimer_v3_pred_0.pdb,result_model_1_multimer_v3_pred_0.pkl
A,B,0.409,34,0.093,0.12,0.229,36.1,1,0,/groups/scienceai/kcd635/AF2/predictions/ppi_benchmark/oprk_human___1623,unrelaxed_model_1_multimer_v3_pred_0.pdb,result_model_1_multimer_v3_pred_0.pkl
A,B,0.345,36,0.1,0.129,0.247,34.88,1,0,/groups/scienceai/kcd635/AF2/predictions/ppi_benchmark/ssr1_human___1643,unrelaxed_model_1_multimer_v3_pred_0.pdb,result_model_1_multimer_v3_pred_0.pkl
A,B,0.404,2052,0.114,0.142,0.257,37.4,1,0,/groups/scienceai/kcd635/AF2/predictions/ppi_benchmark/hrh4_human___687,unrelaxed_model_1_multimer_v3_pred_0.pdb,result_model_1_multimer_v3_pred_0.pkl
A,B,0.421,525,0.104,0.127,0.219,36.75,1,0,/groups/scienceai/kcd635/AF2/predictions/ppi_benchmark/ccr6_human___817,unrelaxed_model_1_multimer_v3_pred_0.pdb,result_model_1_multimer_v3_pred_0.pkl
A,B,0.445,466,0.102,0.126,0.222,36.8,1,0,/groups/scienceai/kcd635/AF2/predictions/ppi_benchmark/cx3c1_human___817,unrelaxed_model_1_multimer_v3_pred_0.pdb,result_model_1_multimer_v3_pred_0.pkl
A,B,0.446,119,0.323,0.319,0.304,40.38,1,0,/groups/scienceai/kcd635/AF2/predictions/ppi_benchmark/agtr1_human___8526,unrelaxed_model_1_multimer_v3_pred_0.pdb,result_model_1_multimer_v3_pred_0.pkl
A,B,0.456,455,0.106,0.142,0.284,40.16,1,0,/groups/scienceai/kcd635/AF2/predictions/ppi_benchmark/ccr7_human___758,unrelaxed_model_1_multimer_v3_pred_0.pdb,result_model_1_multimer_v3_pred_0.pkl
A,B,0.316,37,0.098,0.123,0.227,34.7,1,0,/groups/scienceai/kcd635/AF2/predictions/ppi_benchmark/npff1_human___1152,unrelaxed_model_1_multimer_v3_pred_0.pdb,result_model_1_multimer_v3_pred_0.pkl
A,B,0.344,31,0.138,0.159,0.245,37.06,1,0,/groups/scienceai/kcd635/AF2/predictions/ppi_benchmark/bkrb1_human___1681,unrelaxed_model_1_multimer_v3_pred_0.pdb,result_model_1_multimer_v3_pred_0.pkl
A,B,0.258,167,0.095,0.115,0.196,34.78,1,0,/groups/scienceai/kcd635/AF2/predictions/ppi_benchmark/ccr9_human___817,unrelaxed_model_1_multimer_v3_pred_0.pdb,result_model_1_multimer_v3_pred_0.pkl
A,B,0.349,35,0.147,0.164,0.233,37.1,1,0,/groups/scienceai/kcd635/AF2/predictions/ppi_benchmark/ackr2_human___2174,unrelaxed_model_1_multimer_v3_pred_0.pdb,result_model_1_multimer_v3_pred_0.pkl
A,B,0.299,48,0.131,0.155,0.253,34.5,1,0,/groups/scienceai/kcd635/AF2/predictions/ppi_benchmark/fpr3_human___3935,unrelaxed_model_1_multimer_v3_pred_0.pdb,result_model_1_multimer_v3_pred_0.pkl
A,B,0.422,125,0.108,0.129,0.21,36.22,1,0,/groups/scienceai/kcd635/AF2/predictions/ppi_benchmark/ox2r_human___921,unrelaxed_model_1_multimer_v3_pred_0.pdb,result_model_1_multimer_v3_pred_0.pkl
A,B,0.352,31,0.088,0.121,0.251,37.06,1,0,/groups/scienceai/kcd635/AF2/predictions/ppi_benchmark/pkr2_human___1458,unrelaxed_model_1_multimer_v3_pred_0.pdb,result_model_1_multimer_v3_pred_0.pkl
A,B,0.365,37,0.152,0.168,0.23,38.03,1,0,/groups/scienceai/kcd635/AF2/predictions/ppi_benchmark/ssr5_human___2019,unrelaxed_model_1_multimer_v3_pred_0.pdb,result_model_1_multimer_v3_pred_0.pkl
A,B,0.403,116,0.094,0.118,0.215,35.94,1,0,/groups/scienceai/kcd635/AF2/predictions/ppi_benchmark/glr_human___3643,unrelaxed_model_1_multimer_v3_pred_0.pdb,result_model_1_multimer_v3_pred_0.pkl
A,B,0.309,582,0.113,0.141,0.253,37.38,1,0,/groups/scienceai/kcd635/AF2/predictions/ppi_benchmark/ccr2_human___754,unrelaxed_model_1_multimer_v3_pred_0.pdb,result_model_1_multimer_v3_pred_0.pkl
A,B,0.365,35,0.129,0.164,0.302,39.34,1,0,/groups/scienceai/kcd635/AF2/predictions/ppi_benchmark/ssr3_human___5654,unrelaxed_model_1_multimer_v3_pred_0.pdb,result_model_1_multimer_v3_pred_0.pkl
A,B,0.318,37,0.12,0.145,0.246,37.97,1,0,/groups/scienceai/kcd635/AF2/predictions/ppi_benchmark/cml1_human___5654,unrelaxed_model_1_multimer_v3_pred_0.pdb,result_model_1_multimer_v3_pred_0.pkl
A,B,0.328,45,0.153,0.168,0.225,35.47,1,0,/groups/scienceai/kcd635/AF2/predictions/ppi_benchmark/trfr_human___613,unrelaxed_model_1_multimer_v3_pred_0.pdb,result_model_1_multimer_v3_pred_0.pkl
A,B,0.318,107,0.163,0.173,0.211,35.7,1,0,/groups/scienceai/kcd635/AF2/predictions/ppi_benchmark/vipr1_human___2156,unrelaxed_model_1_multimer_v3_pred_0.pdb,result_model_1_multimer_v3_pred_0.pkl
A,B,0.346,119,0.08,0.111,0.234,36.62,1,0,/groups/scienceai/kcd635/AF2/predictions/ppi_benchmark/galr1_human___2945,unrelaxed_model_1_multimer_v3_pred_0.pdb,result_model_1_multimer_v3_pred_0.pkl
A,B,0.365,466,0.12,0.144,0.243,38.47,1,0,/groups/scienceai/kcd635/AF2/predictions/ppi_benchmark/cx3c1_human___798,unrelaxed_model_1_multimer_v3_pred_0.pdb,result_model_1_multimer_v3_pred_0.pkl
A,B,0.385,40,0.159,0.179,0.26,37.88,1,0,/groups/scienceai/kcd635/AF2/predictions/ppi_benchmark/pkr2_human___613,unrelaxed_model_1_multimer_v3_pred_0.pdb,result_model_1_multimer_v3_pred_0.pkl
A,B,0.358,54,0.176,0.194,0.27,40.22,1,0,/groups/scienceai/kcd635/AF2/predictions/ppi_benchmark/ntr2_human___2156,unrelaxed_model_1_multimer_v3_pred_0.pdb,result_model_1_multimer_v3_pred_0.pkl
A,B,0.449,106,0.094,0.13,0.275,40.66,1,0,/groups/scienceai/kcd635/AF2/predictions/ppi_benchmark/agtr1_human___5654,unrelaxed_model_1_multimer_v3_pred_0.pdb,result_model_1_multimer_v3_pred_0.pkl
A,B,0.283,148,0.094,0.121,0.228,37.88,1,0,/groups/scienceai/kcd635/AF2/predictions/ppi_benchmark/fpr2_human___3935,unrelaxed_model_1_multimer_v3_pred_0.pdb,result_model_1_multimer_v3_pred_0.pkl
A,B,0.342,39,0.18,0.197,0.264,39.06,1,0,/groups/scienceai/kcd635/AF2/predictions/ppi_benchmark/ur2r_human___1681,unrelaxed_model_1_multimer_v3_pred_0.pdb,result_model_1_multimer_v3_pred_0.pkl
A,B,0.184,122,0.095,0.121,0.224,37.44,1,0,/groups/scienceai/kcd635/AF2/predictions/ppi_benchmark/ackr1_human___3647,unrelaxed_model_1_multimer_v3_pred_0.pdb,result_model_1_multimer_v3_pred_0.pkl
A,B,0.481,280,0.115,0.139,0.236,40.72,1,0,/groups/scienceai/kcd635/AF2/predictions/ppi_benchmark/c5ar2_human___574,unrelaxed_model_1_multimer_v3_pred_0.pdb,result_model_1_multimer_v3_pred_0.pkl
A,B,0.4,160,0.109,0.145,0.29,40.56,1,0,/groups/scienceai/kcd635/AF2/predictions/ppi_benchmark/sctr_human___1790,unrelaxed_model_1_multimer_v3_pred_0.pdb,result_model_1_multimer_v3_pred_0.pkl
A,B,0.551,347,0.097,0.118,0.202,37.72,1,0,/groups/scienceai/kcd635/AF2/predictions/ppi_benchmark/ccr9_human___798,unrelaxed_model_1_multimer_v3_pred_0.pdb,result_model_1_multimer_v3_pred_0.pkl
A,B,0.41,237,0.136,0.156,0.239,38.28,1,0,/groups/scienceai/kcd635/AF2/predictions/ppi_benchmark/ccr10_human___808,unrelaxed_model_1_multimer_v3_pred_0.pdb,result_model_1_multimer_v3_pred_0.pkl
A,B,0.328,34,0.14,0.155,0.217,33.28,1,0,/groups/scienceai/kcd635/AF2/predictions/ppi_benchmark/c3ar_human___2168,unrelaxed_model_1_multimer_v3_pred_0.pdb,result_model_1_multimer_v3_pred_0.pkl
A,B,0.344,293,0.122,0.149,0.259,35.4,1,0,/groups/scienceai/kcd635/AF2/predictions/ppi_benchmark/gpr39_human___1470,unrelaxed_model_1_multimer_v3_pred_0.pdb,result_model_1_multimer_v3_pred_0.pkl
A,B,0.36,31,0.168,0.192,0.291,41.0,1,0,/groups/scienceai/kcd635/AF2/predictions/ppi_benchmark/galr3_human___1623,unrelaxed_model_1_multimer_v3_pred_0.pdb,result_model_1_multimer_v3_pred_0.pkl
A,B,0.388,39,0.127,0.146,0.22,36.97,1,0,/groups/scienceai/kcd635/AF2/predictions/ppi_benchmark/ox1r_human___1871,unrelaxed_model_1_multimer_v3_pred_0.pdb,result_model_1_multimer_v3_pred_0.pkl
A,B,0.349,31,0.13,0.145,0.203,35.2,1,0,/groups/scienceai/kcd635/AF2/predictions/ppi_benchmark/cckar_human___864,unrelaxed_model_1_multimer_v3_pred_0.pdb,result_model_1_multimer_v3_pred_0.pkl
A,B,0.347,38,0.131,0.153,0.242,35.34,1,0,/groups/scienceai/kcd635/AF2/predictions/ppi_benchmark/par4_human___2019,unrelaxed_model_1_multimer_v3_pred_0.pdb,result_model_1_multimer_v3_pred_0.pkl
A,B,0.424,164,0.102,0.124,0.211,35.62,1,0,/groups/scienceai/kcd635/AF2/predictions/ppi_benchmark/ednra_human___5654,unrelaxed_model_1_multimer_v3_pred_0.pdb,result_model_1_multimer_v3_pred_0.pkl
A,B,0.204,80,0.148,0.163,0.221,37.03,1,0,/groups/scienceai/kcd635/AF2/predictions/ppi_benchmark/cxcr1_human___798,unrelaxed_model_1_multimer_v3_pred_0.pdb,result_model_1_multimer_v3_pred_0.pkl
A,B,0.383,327,0.099,0.124,0.224,36.6,1,0,/groups/scienceai/kcd635/AF2/predictions/ppi_benchmark/ntr2_human___1099,unrelaxed_model_1_multimer_v3_pred_0.pdb,result_model_1_multimer_v3_pred_0.pkl
A,B,0.321,42,0.152,0.167,0.23,36.03,1,0,/groups/scienceai/kcd635/AF2/predictions/ppi_benchmark/ssr4_human___2019,unrelaxed_model_1_multimer_v3_pred_0.pdb,result_model_1_multimer_v3_pred_0.pkl
A,B,0.454,301,0.109,0.13,0.216,37.53,1,0,/groups/scienceai/kcd635/AF2/predictions/ppi_benchmark/ccr4_human___3640,unrelaxed_model_1_multimer_v3_pred_0.pdb,result_model_1_multimer_v3_pred_0.pkl
A,B,0.327,51,0.134,0.156,0.244,35.56,1,0,/groups/scienceai/kcd635/AF2/predictions/ppi_benchmark/apj_human___2945,unrelaxed_model_1_multimer_v3_pred_0.pdb,result_model_1_multimer_v3_pred_0.pkl
A,B,0.191,306,0.101,0.129,0.24,38.72,1,0,/groups/scienceai/kcd635/AF2/predictions/ppi_benchmark/gipr_human___1136,unrelaxed_model_1_multimer_v3_pred_0.pdb,result_model_1_multimer_v3_pred_0.pkl
A,B,0.354,36,0.105,0.135,0.258,40.72,1,0,/groups/scienceai/kcd635/AF2/predictions/ppi_benchmark/ednrb_human___574,unrelaxed_model_1_multimer_v3_pred_0.pdb,result_model_1_multimer_v3_pred_0.pkl
A,B,0.35,37,0.116,0.142,0.246,36.25,1,0,/groups/scienceai/kcd635/AF2/predictions/ppi_benchmark/par4_human___11417,unrelaxed_model_1_multimer_v3_pred_0.pdb,result_model_1_multimer_v3_pred_0.pkl
A,B,0.342,38,0.115,0.141,0.244,38.8,1,0,/groups/scienceai/kcd635/AF2/predictions/ppi_benchmark/bkrb1_human___1283,unrelaxed_model_1_multimer_v3_pred_0.pdb,result_model_1_multimer_v3_pred_0.pkl
A,B,0.337,31,0.129,0.151,0.239,34.38,1,0,/groups/scienceai/kcd635/AF2/predictions/ppi_benchmark/nmbr_human___1047,unrelaxed_model_1_multimer_v3_pred_0.pdb,result_model_1_multimer_v3_pred_0.pkl
A,B,0.344,35,0.203,0.22,0.29,40.97,1,0,/groups/scienceai/kcd635/AF2/predictions/ppi_benchmark/kissr_human___1283,unrelaxed_model_1_multimer_v3_pred_0.pdb,result_model_1_multimer_v3_pred_0.pkl
A,B,0.36,211,0.092,0.118,0.225,35.9,1,0,/groups/scienceai/kcd635/AF2/predictions/ppi_benchmark/ccr4_human___681,unrelaxed_model_1_multimer_v3_pred_0.pdb,result_model_1_multimer_v3_pred_0.pkl
A,B,0.239,130,0.164,0.179,0.237,35.25,1,0,/groups/scienceai/kcd635/AF2/predictions/ppi_benchmark/ghrhr_human___758,unrelaxed_model_1_multimer_v3_pred_0.pdb,result_model_1_multimer_v3_pred_0.pkl
A,B,0.35,30,0.107,0.147,0.306,40.66,1,0,/groups/scienceai/kcd635/AF2/predictions/ppi_benchmark/nmur1_human___1458,unrelaxed_model_1_multimer_v3_pred_0.pdb,result_model_1_multimer_v3_pred_0.pkl
A,B,0.261,93,0.094,0.128,0.26,39.72,1,0,/groups/scienceai/kcd635/AF2/predictions/ppi_benchmark/ntr2_human___6067,unrelaxed_model_1_multimer_v3_pred_0.pdb,result_model_1_multimer_v3_pred_0.pkl
A,B,0.42,193,0.113,0.138,0.237,36.44,1,0,/groups/scienceai/kcd635/AF2/predictions/ppi_benchmark/sctr_human___1140,unrelaxed_model_1_multimer_v3_pred_0.pdb,result_model_1_multimer_v3_pred_0.pkl
A,B,0.381,229,0.097,0.129,0.257,37.44,1,0,/groups/scienceai/kcd635/AF2/predictions/ppi_benchmark/cml2_human___1643,unrelaxed_model_1_multimer_v3_pred_0.pdb,result_model_1_multimer_v3_pred_0.pkl
A,B,0.375,31,0.177,0.2,0.291,38.97,1,0,/groups/scienceai/kcd635/AF2/predictions/ppi_benchmark/galr3_human___1157,unrelaxed_model_1_multimer_v3_pred_0.pdb,result_model_1_multimer_v3_pred_0.pkl
A,B,0.359,40,0.121,0.147,0.253,36.84,1,0,/groups/scienceai/kcd635/AF2/predictions/ppi_benchmark/par4_human___1298,unrelaxed_model_1_multimer_v3_pred_0.pdb,result_model_1_multimer_v3_pred_0.pkl
A,B,0.276,68,0.18,0.188,0.222,36.88,1,0,/groups/scienceai/kcd635/AF2/predictions/ppi_benchmark/ssr4_human___921,unrelaxed_model_1_multimer_v3_pred_0.pdb,result_model_1_multimer_v3_pred_0.pkl
A,B,0.183,114,0.131,0.15,0.224,36.94,1,0,/groups/scienceai/kcd635/AF2/predictions/ppi_benchmark/ccr4_human___758,unrelaxed_model_1_multimer_v3_pred_0.pdb,result_model_1_multimer_v3_pred_0.pkl
A,B,0.381,77,0.17,0.183,0.236,38.22,1,0,/groups/scienceai/kcd635/AF2/predictions/ppi_benchmark/rl3r1_human___5654,unrelaxed_model_1_multimer_v3_pred_0.pdb,result_model_1_multimer_v3_pred_0.pkl
A,B,0.334,46,0.111,0.133,0.221,35.6,1,0,/groups/scienceai/kcd635/AF2/predictions/ppi_benchmark/cxcr2_human___1579,unrelaxed_model_1_multimer_v3_pred_0.pdb,result_model_1_multimer_v3_pred_0.pkl
A,B,0.333,30,0.113,0.133,0.209,34.8,1,0,/groups/scienceai/kcd635/AF2/predictions/ppi_benchmark/cckar_human___1871,unrelaxed_model_1_multimer_v3_pred_0.pdb,result_model_1_multimer_v3_pred_0.pkl
A,B,0.436,159,0.229,0.235,0.258,36.06,1,0,/groups/scienceai/kcd635/AF2/predictions/ppi_benchmark/g37l1_human___1681,unrelaxed_model_1_multimer_v3_pred_0.pdb,result_model_1_multimer_v3_pred_0.pkl
A,B,0.554,404,0.104,0.124,0.206,38.6,1,0,/groups/scienceai/kcd635/AF2/predictions/ppi_benchmark/ackr1_human___573,unrelaxed_model_1_multimer_v3_pred_0.pdb,result_model_1_multimer_v3_pred_0.pkl
A,B,0.415,436,0.116,0.139,0.232,37.78,1,0,/groups/scienceai/kcd635/AF2/predictions/ppi_benchmark/fpr1_human___612,unrelaxed_model_1_multimer_v3_pred_0.pdb,result_model_1_multimer_v3_pred_0.pkl
A,B,0.235,62,0.119,0.141,0.231,37.38,1,0,/groups/scienceai/kcd635/AF2/predictions/ppi_benchmark/ackr2_human___921,unrelaxed_model_1_multimer_v3_pred_0.pdb,result_model_1_multimer_v3_pred_0.pkl
A,B,0.347,35,0.134,0.155,0.24,36.62,1,0,/groups/scienceai/kcd635/AF2/predictions/ppi_benchmark/ccr1_human___1579,unrelaxed_model_1_multimer_v3_pred_0.pdb,result_model_1_multimer_v3_pred_0.pkl
A,B,0.355,33,0.182,0.196,0.248,36.34,1,0,/groups/scienceai/kcd635/AF2/predictions/ppi_benchmark/apj_human___1479,unrelaxed_model_1_multimer_v3_pred_0.pdb,result_model_1_multimer_v3_pred_0.pkl
A,B,0.36,37,0.137,0.156,0.233,37.66,1,0,/groups/scienceai/kcd635/AF2/predictions/ppi_benchmark/ssr5_human___11417,unrelaxed_model_1_multimer_v3_pred_0.pdb,result_model_1_multimer_v3_pred_0.pkl
A,B,0.238,115,0.12,0.141,0.227,35.72,1,0,/groups/scienceai/kcd635/AF2/predictions/ppi_benchmark/ccr1_human___754,unrelaxed_model_1_multimer_v3_pred_0.pdb,result_model_1_multimer_v3_pred_0.pkl
A,B,0.318,70,0.101,0.126,0.225,35.5,1,0,/groups/scienceai/kcd635/AF2/predictions/ppi_benchmark/npy1r_human___644,unrelaxed_model_1_multimer_v3_pred_0.pdb,result_model_1_multimer_v3_pred_0.pkl
A,B,0.362,432,0.115,0.14,0.237,37.72,1,0,/groups/scienceai/kcd635/AF2/predictions/ppi_benchmark/agtr2_human___3646,unrelaxed_model_1_multimer_v3_pred_0.pdb,result_model_1_multimer_v3_pred_0.pkl
A,B,0.346,34,0.117,0.135,0.211,35.38,1,0,/groups/scienceai/kcd635/AF2/predictions/ppi_benchmark/calcr_human___687,unrelaxed_model_1_multimer_v3_pred_0.pdb,result_model_1_multimer_v3_pred_0.pkl
A,B,0.321,95,0.138,0.157,0.233,39.94,1,0,/groups/scienceai/kcd635/AF2/predictions/ppi_benchmark/sctr_human___2156,unrelaxed_model_1_multimer_v3_pred_0.pdb,result_model_1_multimer_v3_pred_0.pkl
A,B,0.376,930,0.18,0.192,0.241,36.5,1,0,/groups/scienceai/kcd635/AF2/predictions/ppi_benchmark/cxcr3_human___758,unrelaxed_model_1_multimer_v3_pred_0.pdb,result_model_1_multimer_v3_pred_0.pkl
A,B,0.406,362,0.123,0.144,0.227,34.88,1,0,/groups/scienceai/kcd635/AF2/predictions/ppi_benchmark/trfr_human___1470,unrelaxed_model_1_multimer_v3_pred_0.pdb,result_model_1_multimer_v3_pred_0.pkl
A,B,0.417,77,0.109,0.135,0.242,36.4,1,0,/groups/scienceai/kcd635/AF2/predictions/ppi_benchmark/cxcr5_human___1458,unrelaxed_model_1_multimer_v3_pred_0.pdb,result_model_1_multimer_v3_pred_0.pkl
A,B,0.389,38,0.252,0.25,0.242,37.3,1,0,/groups/scienceai/kcd635/AF2/predictions/ppi_benchmark/bkrb2_human___582,unrelaxed_model_1_multimer_v3_pred_0.pdb,result_model_1_multimer_v3_pred_0.pkl
A,B,0.338,61,0.091,0.121,0.241,36.94,1,0,/groups/scienceai/kcd635/AF2/predictions/ppi_benchmark/oprx_human___644,unrelaxed_model_1_multimer_v3_pred_0.pdb,result_model_1_multimer_v3_pred_0.pkl
A,B,0.361,36,0.128,0.147,0.224,37.8,1,0,/groups/scienceai/kcd635/AF2/predictions/ppi_benchmark/ox1r_human___5654,unrelaxed_model_1_multimer_v3_pred_0.pdb,result_model_1_multimer_v3_pred_0.pkl
A,B,0.341,32,0.172,0.191,0.263,37.56,1,0,/groups/scienceai/kcd635/AF2/predictions/ppi_benchmark/galr2_human___613,unrelaxed_model_1_multimer_v3_pred_0.pdb,result_model_1_multimer_v3_pred_0.pkl
A,B,0.359,38,0.101,0.126,0.226,36.72,1,0,/groups/scienceai/kcd635/AF2/predictions/ppi_benchmark/mc5r_human___1320,unrelaxed_model_1_multimer_v3_pred_0.pdb,result_model_1_multimer_v3_pred_0.pkl
A,B,0.364,34,0.166,0.185,0.26,36.2,1,0,/groups/scienceai/kcd635/AF2/predictions/ppi_benchmark/pkr1_human___1004,unrelaxed_model_1_multimer_v3_pred_0.pdb,result_model_1_multimer_v3_pred_0.pkl
A,B,0.496,469,0.112,0.142,0.26,37.5,1,0,/groups/scienceai/kcd635/AF2/predictions/ppi_benchmark/ntr2_human___1140,unrelaxed_model_1_multimer_v3_pred_0.pdb,result_model_1_multimer_v3_pred_0.pkl
A,B,0.347,31,0.113,0.133,0.214,36.53,1,0,/groups/scienceai/kcd635/AF2/predictions/ppi_benchmark/ackr1_human___1579,unrelaxed_model_1_multimer_v3_pred_0.pdb,result_model_1_multimer_v3_pred_0.pkl
A,B,0.279,41,0.167,0.184,0.25,37.72,1,0,/groups/scienceai/kcd635/AF2/predictions/ppi_benchmark/crfr2_human___1152,unrelaxed_model_1_multimer_v3_pred_0.pdb,result_model_1_multimer_v3_pred_0.pkl
A,B,0.273,40,0.106,0.132,0.238,36.16,1,0,/groups/scienceai/kcd635/AF2/predictions/ppi_benchmark/mc4r_human___687,unrelaxed_model_1_multimer_v3_pred_0.pdb,result_model_1_multimer_v3_pred_0.pkl
A,B,0.22,866,0.168,0.181,0.232,36.62,1,0,/groups/scienceai/kcd635/AF2/predictions/ppi_benchmark/cxcr3_human___3645,unrelaxed_model_1_multimer_v3_pred_0.pdb,result_model_1_multimer_v3_pred_0.pkl
A,B,0.385,89,0.105,0.134,0.249,37.56,1,0,/groups/scienceai/kcd635/AF2/predictions/ppi_benchmark/mc4r_human___5654,unrelaxed_model_1_multimer_v3_pred_0.pdb,result_model_1_multimer_v3_pred_0.pkl
A,B,0.277,81,0.101,0.13,0.247,39.25,1,0,/groups/scienceai/kcd635/AF2/predictions/ppi_benchmark/npbw1_human___1136,unrelaxed_model_1_multimer_v3_pred_0.pdb,result_model_1_multimer_v3_pred_0.pkl
A,B,0.482,323,0.121,0.15,0.268,39.1,1,0,/groups/scienceai/kcd635/AF2/predictions/ppi_benchmark/galr3_human___921,unrelaxed_model_1_multimer_v3_pred_0.pdb,result_model_1_multimer_v3_pred_0.pkl
A,B,0.336,39,0.127,0.149,0.238,36.16,1,0,/groups/scienceai/kcd635/AF2/predictions/ppi_benchmark/ntr1_human___585,unrelaxed_model_1_multimer_v3_pred_0.pdb,result_model_1_multimer_v3_pred_0.pkl
A,B,0.324,63,0.108,0.127,0.201,35.72,1,0,/groups/scienceai/kcd635/AF2/predictions/ppi_benchmark/pacr_human___2257,unrelaxed_model_1_multimer_v3_pred_0.pdb,result_model_1_multimer_v3_pred_0.pkl
A,B,0.351,33,0.125,0.154,0.271,40.9,1,0,/groups/scienceai/kcd635/AF2/predictions/ppi_benchmark/prlhr_human___1514,unrelaxed_model_1_multimer_v3_pred_0.pdb,result_model_1_multimer_v3_pred_0.pkl
A,B,0.367,40,0.099,0.121,0.213,33.7,1,0,/groups/scienceai/kcd635/AF2/predictions/ppi_benchmark/npy1r_human___771,unrelaxed_model_1_multimer_v3_pred_0.pdb,result_model_1_multimer_v3_pred_0.pkl
A,B,0.348,140,0.134,0.154,0.234,36.3,1,0,/groups/scienceai/kcd635/AF2/predictions/ppi_benchmark/qrfpr_human___5895,unrelaxed_model_1_multimer_v3_pred_0.pdb,result_model_1_multimer_v3_pred_0.pkl
A,B,0.356,30,0.113,0.14,0.246,38.7,1,0,/groups/scienceai/kcd635/AF2/predictions/ppi_benchmark/mc5r_human___1871,unrelaxed_model_1_multimer_v3_pred_0.pdb,result_model_1_multimer_v3_pred_0.pkl
A,B,0.359,118,0.098,0.116,0.19,34.97,1,0,/groups/scienceai/kcd635/AF2/predictions/ppi_benchmark/pacr_human___1140,unrelaxed_model_1_multimer_v3_pred_0.pdb,result_model_1_multimer_v3_pred_0.pkl
A,B,0.357,41,0.093,0.119,0.219,34.03,1,0,/groups/scienceai/kcd635/AF2/predictions/ppi_benchmark/oprk_human___1157,unrelaxed_model_1_multimer_v3_pred_0.pdb,result_model_1_multimer_v3_pred_0.pkl
A,B,0.331,33,0.148,0.171,0.264,38.03,1,0,/groups/scienceai/kcd635/AF2/predictions/ppi_benchmark/galr1_human___1479,unrelaxed_model_1_multimer_v3_pred_0.pdb,result_model_1_multimer_v3_pred_0.pkl
A,B,0.381,38,0.111,0.146,0.285,39.97,1,0,/groups/scienceai/kcd635/AF2/predictions/ppi_benchmark/v2r_human___5654,unrelaxed_model_1_multimer_v3_pred_0.pdb,result_model_1_multimer_v3_pred_0.pkl
A,B,0.381,188,0.161,0.175,0.232,37.7,1,0,/groups/scienceai/kcd635/AF2/predictions/ppi_benchmark/ackr4_human___810,unrelaxed_model_1_multimer_v3_pred_0.pdb,result_model_1_multimer_v3_pred_0.pkl
A,B,0.356,37,0.105,0.136,0.261,39.22,1,0,/groups/scienceai/kcd635/AF2/predictions/ppi_benchmark/mc3r_human___2089,unrelaxed_model_1_multimer_v3_pred_0.pdb,result_model_1_multimer_v3_pred_0.pkl
A,B,0.37,81,0.111,0.131,0.209,33.62,1,0,/groups/scienceai/kcd635/AF2/predictions/ppi_benchmark/vipr1_human___1140,unrelaxed_model_1_multimer_v3_pred_0.pdb,result_model_1_multimer_v3_pred_0.pkl
A,B,0.311,31,0.174,0.188,0.244,38.3,1,0,/groups/scienceai/kcd635/AF2/predictions/ppi_benchmark/crfr1_human___3647,unrelaxed_model_1_multimer_v3_pred_0.pdb,result_model_1_multimer_v3_pred_0.pkl
A,B,0.507,439,0.108,0.136,0.249,38.53,1,0,/groups/scienceai/kcd635/AF2/predictions/ppi_benchmark/nk1r_human___821,unrelaxed_model_1_multimer_v3_pred_0.pdb,result_model_1_multimer_v3_pred_0.pkl
A,B,0.3,55,0.104,0.135,0.26,37.44,1,0,/groups/scienceai/kcd635/AF2/predictions/ppi_benchmark/mshr_human___1152,unrelaxed_model_1_multimer_v3_pred_0.pdb,result_model_1_multimer_v3_pred_0.pkl
A,B,0.398,383,0.185,0.194,0.227,36.94,1,0,/groups/scienceai/kcd635/AF2/predictions/ppi_benchmark/cxcr2_human___3645,unrelaxed_model_1_multimer_v3_pred_0.pdb,result_model_1_multimer_v3_pred_0.pkl
A,B,0.415,77,0.145,0.173,0.286,41.03,1,0,/groups/scienceai/kcd635/AF2/predictions/ppi_benchmark/mchr2_human___1320,unrelaxed_model_1_multimer_v3_pred_0.pdb,result_model_1_multimer_v3_pred_0.pkl
A,B,0.325,176,0.099,0.125,0.228,36.12,1,0,/groups/scienceai/kcd635/AF2/predictions/ppi_benchmark/npy1r_human___1504,unrelaxed_model_1_multimer_v3_pred_0.pdb,result_model_1_multimer_v3_pred_0.pkl
A,B,0.339,36,0.129,0.156,0.263,36.5,1,0,/groups/scienceai/kcd635/AF2/predictions/ppi_benchmark/gpr39_human___2019,unrelaxed_model_1_multimer_v3_pred_0.pdb,result_model_1_multimer_v3_pred_0.pkl
A,B,0.445,438,0.115,0.139,0.232,34.4,1,0,/groups/scienceai/kcd635/AF2/predictions/ppi_benchmark/ccr5_human___776,unrelaxed_model_1_multimer_v3_pred_0.pdb,result_model_1_multimer_v3_pred_0.pkl
A,B,0.348,32,0.201,0.214,0.264,36.06,1,0,/groups/scienceai/kcd635/AF2/predictions/ppi_benchmark/pkr1_human___613,unrelaxed_model_1_multimer_v3_pred_0.pdb,result_model_1_multimer_v3_pred_0.pkl
A,B,0.353,486,0.133,0.16,0.268,36.25,1,0,/groups/scienceai/kcd635/AF2/predictions/ppi_benchmark/ccr5_human___798,unrelaxed_model_1_multimer_v3_pred_0.pdb,result_model_1_multimer_v3_pred_0.pkl
A,B,0.332,44,0.126,0.147,0.228,39.66,1,0,/groups/scienceai/kcd635/AF2/predictions/ppi_benchmark/gnrhr_human___1623,unrelaxed_model_1_multimer_v3_pred_0.pdb,result_model_1_multimer_v3_pred_0.pkl
A,B,0.345,34,0.132,0.156,0.252,36.88,1,0,/groups/scienceai/kcd635/AF2/predictions/ppi_benchmark/npsr1_human___1157,unrelaxed_model_1_multimer_v3_pred_0.pdb,result_model_1_multimer_v3_pred_0.pkl
A,B,0.363,33,0.106,0.13,0.226,35.34,1,0,/groups/scienceai/kcd635/AF2/predictions/ppi_benchmark/gasr_human___1871,unrelaxed_model_1_multimer_v3_pred_0.pdb,result_model_1_multimer_v3_pred_0.pkl
A,B,0.341,31,0.125,0.143,0.219,34.47,1,0,/groups/scienceai/kcd635/AF2/predictions/ppi_benchmark/mchr1_human___1790,unrelaxed_model_1_multimer_v3_pred_0.pdb,result_model_1_multimer_v3_pred_0.pkl
A,B,0.328,32,0.114,0.138,0.234,36.28,1,0,/groups/scienceai/kcd635/AF2/predictions/ppi_benchmark/agtr2_human___1790,unrelaxed_model_1_multimer_v3_pred_0.pdb,result_model_1_multimer_v3_pred_0.pkl
A,B,0.369,227,0.092,0.122,0.241,35.5,1,0,/groups/scienceai/kcd635/AF2/predictions/ppi_benchmark/ccr5_human___1699,unrelaxed_model_1_multimer_v3_pred_0.pdb,result_model_1_multimer_v3_pred_0.pkl
A,B,0.335,28,0.095,0.121,0.228,34.53,1,0,/groups/scienceai/kcd635/AF2/predictions/ppi_benchmark/grpr_human___2257,unrelaxed_model_1_multimer_v3_pred_0.pdb,result_model_1_multimer_v3_pred_0.pkl
A,B,0.352,34,0.118,0.14,0.23,37.78,1,0,/groups/scienceai/kcd635/AF2/predictions/ppi_benchmark/ssr5_human___1298,unrelaxed_model_1_multimer_v3_pred_0.pdb,result_model_1_multimer_v3_pred_0.pkl
A,B,0.315,272,0.248,0.252,0.265,42.97,1,0,/groups/scienceai/kcd635/AF2/predictions/ppi_benchmark/c5ar1_human___574,unrelaxed_model_1_multimer_v3_pred_0.pdb,result_model_1_multimer_v3_pred_0.pkl
A,B,0.304,113,0.131,0.149,0.222,37.0,1,0,/groups/scienceai/kcd635/AF2/predictions/ppi_benchmark/ackr1_human___3645,unrelaxed_model_1_multimer_v3_pred_0.pdb,result_model_1_multimer_v3_pred_0.pkl
A,B,0.366,33,0.19,0.203,0.257,34.0,1,0,/groups/scienceai/kcd635/AF2/predictions/ppi_benchmark/fpr3_human___1162,unrelaxed_model_1_multimer_v3_pred_0.pdb,result_model_1_multimer_v3_pred_0.pkl
A,B,0.224,680,0.107,0.133,0.238,42.3,1,0,/groups/scienceai/kcd635/AF2/predictions/ppi_benchmark/mc3r_human___574,unrelaxed_model_1_multimer_v3_pred_0.pdb,result_model_1_multimer_v3_pred_0.pkl
A,B,0.277,49,0.091,0.114,0.207,34.94,1,0,/groups/scienceai/kcd635/AF2/predictions/ppi_benchmark/vipr1_human___1790,unrelaxed_model_1_multimer_v3_pred_0.pdb,result_model_1_multimer_v3_pred_0.pkl
A,B,0.376,42,0.122,0.155,0.287,40.53,1,0,/groups/scienceai/kcd635/AF2/predictions/ppi_benchmark/prlhr_human___1871,unrelaxed_model_1_multimer_v3_pred_0.pdb,result_model_1_multimer_v3_pred_0.pkl
A,B,0.398,160,0.108,0.126,0.196,35.94,1,0,/groups/scienceai/kcd635/AF2/predictions/ppi_benchmark/pacr_human___1790,unrelaxed_model_1_multimer_v3_pred_0.pdb,result_model_1_multimer_v3_pred_0.pkl
A,B,0.167,423,0.11,0.134,0.228,37.84,1,0,/groups/scienceai/kcd635/AF2/predictions/ppi_benchmark/ssr5_human___808,unrelaxed_model_1_multimer_v3_pred_0.pdb,result_model_1_multimer_v3_pred_0.pkl
A,B,0.405,78,0.092,0.119,0.226,35.12,1,0,/groups/scienceai/kcd635/AF2/predictions/ppi_benchmark/mchr2_human___11417,unrelaxed_model_1_multimer_v3_pred_0.pdb,result_model_1_multimer_v3_pred_0.pkl
A,B,0.451,141,0.121,0.139,0.208,33.28,1,0,/groups/scienceai/kcd635/AF2/predictions/ppi_benchmark/c3ar_human___1495,unrelaxed_model_1_multimer_v3_pred_0.pdb,result_model_1_multimer_v3_pred_0.pkl
A,B,0.36,32,0.164,0.176,0.222,38.3,1,0,/groups/scienceai/kcd635/AF2/predictions/ppi_benchmark/oprm_human___1162,unrelaxed_model_1_multimer_v3_pred_0.pdb,result_model_1_multimer_v3_pred_0.pkl
A,B,0.321,35,0.12,0.144,0.241,36.25,1,0,/groups/scienceai/kcd635/AF2/predictions/ppi_benchmark/crfr1_human___1152,unrelaxed_model_1_multimer_v3_pred_0.pdb,result_model_1_multimer_v3_pred_0.pkl
A,B,0.447,95,0.186,0.2,0.253,36.66,1,0,/groups/scienceai/kcd635/AF2/predictions/ppi_benchmark/crfr1_human___2174,unrelaxed_model_1_multimer_v3_pred_0.pdb,result_model_1_multimer_v3_pred_0.pkl
A,B,0.378,46,0.146,0.164,0.239,34.94,1,0,/groups/scienceai/kcd635/AF2/predictions/ppi_benchmark/ntr1_human___1047,unrelaxed_model_1_multimer_v3_pred_0.pdb,result_model_1_multimer_v3_pred_0.pkl
A,B,0.481,522,0.132,0.159,0.269,37.28,1,0,/groups/scienceai/kcd635/AF2/predictions/ppi_benchmark/kissr_human___3594,unrelaxed_model_1_multimer_v3_pred_0.pdb,result_model_1_multimer_v3_pred_0.pkl
A,B,0.348,44,0.133,0.154,0.237,36.4,1,0,/groups/scienceai/kcd635/AF2/predictions/ppi_benchmark/cml1_human___1047,unrelaxed_model_1_multimer_v3_pred_0.pdb,result_model_1_multimer_v3_pred_0.pkl
A,B,0.242,225,0.087,0.114,0.221,36.56,1,0,/groups/scienceai/kcd635/AF2/predictions/ppi_benchmark/fpr1_human___771,unrelaxed_model_1_multimer_v3_pred_0.pdb,result_model_1_multimer_v3_pred_0.pkl
A,B,0.414,196,0.089,0.114,0.213,34.72,1,0,/groups/scienceai/kcd635/AF2/predictions/ppi_benchmark/vipr1_human___1871,unrelaxed_model_1_multimer_v3_pred_0.pdb,result_model_1_multimer_v3_pred_0.pkl
A,B,0.353,38,0.22,0.229,0.267,39.06,1,0,/groups/scienceai/kcd635/AF2/predictions/ppi_benchmark/cxcr4_human___2168,unrelaxed_model_1_multimer_v3_pred_0.pdb,result_model_1_multimer_v3_pred_0.pkl
A,B,0.296,34,0.086,0.123,0.271,39.16,1,0,/groups/scienceai/kcd635/AF2/predictions/ppi_benchmark/ghsr_human___1470,unrelaxed_model_1_multimer_v3_pred_0.pdb,result_model_1_multimer_v3_pred_0.pkl
A,B,0.359,30,0.144,0.178,0.312,40.88,1,0,/groups/scienceai/kcd635/AF2/predictions/ppi_benchmark/nmur1_human___2089,unrelaxed_model_1_multimer_v3_pred_0.pdb,result_model_1_multimer_v3_pred_0.pkl
A,B,0.535,552,0.138,0.157,0.236,35.56,1,0,/groups/scienceai/kcd635/AF2/predictions/ppi_benchmark/ntr1_human___798,unrelaxed_model_1_multimer_v3_pred_0.pdb,result_model_1_multimer_v3_pred_0.pkl
A,B,0.298,36,0.109,0.132,0.223,36.2,1,0,/groups/scienceai/kcd635/AF2/predictions/ppi_benchmark/nmur2_human___2270,unrelaxed_model_1_multimer_v3_pred_0.pdb,result_model_1_multimer_v3_pred_0.pkl
A,B,0.312,245,0.112,0.148,0.29,39.88,1,0,/groups/scienceai/kcd635/AF2/predictions/ppi_benchmark/mrgx1_human___5336,unrelaxed_model_1_multimer_v3_pred_0.pdb,result_model_1_multimer_v3_pred_0.pkl
A,B,0.289,133,0.106,0.133,0.24,37.5,1,0,/groups/scienceai/kcd635/AF2/predictions/ppi_benchmark/mc5r_human___1140,unrelaxed_model_1_multimer_v3_pred_0.pdb,result_model_1_multimer_v3_pred_0.pkl
A,B,0.344,32,0.117,0.143,0.251,37.62,1,0,/groups/scienceai/kcd635/AF2/predictions/ppi_benchmark/pkr2_human___1004,unrelaxed_model_1_multimer_v3_pred_0.pdb,result_model_1_multimer_v3_pred_0.pkl
A,B,0.386,219,0.139,0.158,0.233,35.78,1,0,/groups/scienceai/kcd635/AF2/predictions/ppi_benchmark/bkrb1_human___3594,unrelaxed_model_1_multimer_v3_pred_0.pdb,result_model_1_multimer_v3_pred_0.pkl
A,B,0.337,30,0.149,0.158,0.196,34.12,1,0,/groups/scienceai/kcd635/AF2/predictions/ppi_benchmark/cckar_human___613,unrelaxed_model_1_multimer_v3_pred_0.pdb,result_model_1_multimer_v3_pred_0.pkl
A,B,0.313,47,0.101,0.133,0.26,39.34,1,0,/groups/scienceai/kcd635/AF2/predictions/ppi_benchmark/npbw1_human___1152,unrelaxed_model_1_multimer_v3_pred_0.pdb,result_model_1_multimer_v3_pred_0.pkl
A,B,0.36,41,0.202,0.208,0.23,36.53,1,0,/groups/scienceai/kcd635/AF2/predictions/ppi_benchmark/c5ar2_human___1162,unrelaxed_model_1_multimer_v3_pred_0.pdb,result_model_1_multimer_v3_pred_0.pkl
A,B,0.17,280,0.119,0.151,0.282,38.2,1,0,/groups/scienceai/kcd635/AF2/predictions/ppi_benchmark/kissr_human___812,unrelaxed_model_1_multimer_v3_pred_0.pdb,result_model_1_multimer_v3_pred_0.pkl
A,B,0.287,189,0.097,0.119,0.208,37.2,1,0,/groups/scienceai/kcd635/AF2/predictions/ppi_benchmark/cxcr1_human___1504,unrelaxed_model_1_multimer_v3_pred_0.pdb,result_model_1_multimer_v3_pred_0.pkl
A,B,0.386,408,0.11,0.132,0.222,38.72,1,0,/groups/scienceai/kcd635/AF2/predictions/ppi_benchmark/ccr7_human___810,unrelaxed_model_1_multimer_v3_pred_0.pdb,result_model_1_multimer_v3_pred_0.pkl
A,B,0.169,135,0.1,0.123,0.216,35.1,1,0,/groups/scienceai/kcd635/AF2/predictions/ppi_benchmark/nmur2_human___771,unrelaxed_model_1_multimer_v3_pred_0.pdb,result_model_1_multimer_v3_pred_0.pkl
A,B,0.512,691,0.131,0.15,0.224,37.88,1,0,/groups/scienceai/kcd635/AF2/predictions/ppi_benchmark/oprd_human___3594,unrelaxed_model_1_multimer_v3_pred_0.pdb,result_model_1_multimer_v3_pred_0.pkl
A,B,0.364,40,0.267,0.26,0.231,37.1,1,0,/groups/scienceai/kcd635/AF2/predictions/ppi_benchmark/ox1r_human___4058,unrelaxed_model_1_multimer_v3_pred_0.pdb,result_model_1_multimer_v3_pred_0.pkl
A,B,0.168,145,0.095,0.121,0.227,37.12,1,0,/groups/scienceai/kcd635/AF2/predictions/ppi_benchmark/cx3c1_human___3647,unrelaxed_model_1_multimer_v3_pred_0.pdb,result_model_1_multimer_v3_pred_0.pkl
A,B,0.315,77,0.118,0.146,0.261,37.9,1,0,/groups/scienceai/kcd635/AF2/predictions/ppi_benchmark/mc4r_human___6067,unrelaxed_model_1_multimer_v3_pred_0.pdb,result_model_1_multimer_v3_pred_0.pkl
A,B,0.36,37,0.112,0.132,0.215,36.72,1,0,/groups/scienceai/kcd635/AF2/predictions/ppi_benchmark/npy2r_human___1283,unrelaxed_model_1_multimer_v3_pred_0.pdb,result_model_1_multimer_v3_pred_0.pkl
A,B,0.361,31,0.111,0.133,0.222,37.47,1,0,/groups/scienceai/kcd635/AF2/predictions/ppi_benchmark/ox2r_human___1479,unrelaxed_model_1_multimer_v3_pred_0.pdb,result_model_1_multimer_v3_pred_0.pkl
A,B,0.422,380,0.112,0.137,0.239,37.78,1,0,/groups/scienceai/kcd635/AF2/predictions/ppi_benchmark/bkrb1_human___3542,unrelaxed_model_1_multimer_v3_pred_0.pdb,result_model_1_multimer_v3_pred_0.pkl
A,B,0.371,34,0.135,0.154,0.229,36.22,1,0,/groups/scienceai/kcd635/AF2/predictions/ppi_benchmark/ghrhr_human___644,unrelaxed_model_1_multimer_v3_pred_0.pdb,result_model_1_multimer_v3_pred_0.pkl
A,B,0.292,37,0.107,0.133,0.234,36.88,1,0,/groups/scienceai/kcd635/AF2/predictions/ppi_benchmark/oprx_human___1136,unrelaxed_model_1_multimer_v3_pred_0.pdb,result_model_1_multimer_v3_pred_0.pkl
A,B,0.195,260,0.114,0.137,0.231,36.7,1,0,/groups/scienceai/kcd635/AF2/predictions/ppi_benchmark/ccr10_human___3640,unrelaxed_model_1_multimer_v3_pred_0.pdb,result_model_1_multimer_v3_pred_0.pkl
A,B,0.298,53,0.104,0.135,0.26,38.34,1,0,/groups/scienceai/kcd635/AF2/predictions/ppi_benchmark/mshr_human___1136,unrelaxed_model_1_multimer_v3_pred_0.pdb,result_model_1_multimer_v3_pred_0.pkl
A,B,0.308,55,0.094,0.124,0.243,36.44,1,0,/groups/scienceai/kcd635/AF2/predictions/ppi_benchmark/mc4r_human___1643,unrelaxed_model_1_multimer_v3_pred_0.pdb,result_model_1_multimer_v3_pred_0.pkl
A,B,0.367,36,0.107,0.137,0.255,38.88,1,0,/groups/scienceai/kcd635/AF2/predictions/ppi_benchmark/mc3r_human___2090,unrelaxed_model_1_multimer_v3_pred_0.pdb,result_model_1_multimer_v3_pred_0.pkl
A,B,0.346,40,0.104,0.138,0.276,39.94,1,0,/groups/scienceai/kcd635/AF2/predictions/ppi_benchmark/prlhr_human___2257,unrelaxed_model_1_multimer_v3_pred_0.pdb,result_model_1_multimer_v3_pred_0.pkl
A,B,0.291,67,0.091,0.119,0.231,36.16,1,0,/groups/scienceai/kcd635/AF2/predictions/ppi_benchmark/ccr9_human___3542,unrelaxed_model_1_multimer_v3_pred_0.pdb,result_model_1_multimer_v3_pred_0.pkl
A,B,0.312,38,0.119,0.141,0.227,36.34,1,0,/groups/scienceai/kcd635/AF2/predictions/ppi_benchmark/cxcr2_human___585,unrelaxed_model_1_multimer_v3_pred_0.pdb,result_model_1_multimer_v3_pred_0.pkl
A,B,0.326,32,0.154,0.179,0.28,38.9,1,0,/groups/scienceai/kcd635/AF2/predictions/ppi_benchmark/c5ar1_human___1579,unrelaxed_model_1_multimer_v3_pred_0.pdb,result_model_1_multimer_v3_pred_0.pkl
A,B,0.451,374,0.116,0.146,0.267,38.9,1,0,/groups/scienceai/kcd635/AF2/predictions/ppi_benchmark/agtr1_human___1790,unrelaxed_model_1_multimer_v3_pred_0.pdb,result_model_1_multimer_v3_pred_0.pkl
A,B,0.368,30,0.097,0.126,0.242,35.44,1,0,/groups/scienceai/kcd635/AF2/predictions/ppi_benchmark/par4_human___681,unrelaxed_model_1_multimer_v3_pred_0.pdb,result_model_1_multimer_v3_pred_0.pkl
A,B,0.377,962,0.133,0.16,0.269,37.72,1,0,/groups/scienceai/kcd635/AF2/predictions/ppi_benchmark/nmur1_human___812,unrelaxed_model_1_multimer_v3_pred_0.pdb,result_model_1_multimer_v3_pred_0.pkl
A,B,0.388,38,0.136,0.157,0.243,36.72,1,0,/groups/scienceai/kcd635/AF2/predictions/ppi_benchmark/bkrb2_human___644,unrelaxed_model_1_multimer_v3_pred_0.pdb,result_model_1_multimer_v3_pred_0.pkl
A,B,0.334,34,0.204,0.216,0.264,37.28,1,0,/groups/scienceai/kcd635/AF2/predictions/ppi_benchmark/galr1_human___1157,unrelaxed_model_1_multimer_v3_pred_0.pdb,result_model_1_multimer_v3_pred_0.pkl
A,B,0.298,54,0.114,0.14,0.244,36.2,1,0,/groups/scienceai/kcd635/AF2/predictions/ppi_benchmark/nk3r_human___1298,unrelaxed_model_1_multimer_v3_pred_0.pdb,result_model_1_multimer_v3_pred_0.pkl
A,B,0.486,128,0.11,0.145,0.284,39.0,1,0,/groups/scienceai/kcd635/AF2/predictions/ppi_benchmark/acthr_human___1157,unrelaxed_model_1_multimer_v3_pred_0.pdb,result_model_1_multimer_v3_pred_0.pkl
A,B,0.416,110,0.131,0.153,0.24,38.2,1,0,/groups/scienceai/kcd635/AF2/predictions/ppi_benchmark/vipr2_human___1790,unrelaxed_model_1_multimer_v3_pred_0.pdb,result_model_1_multimer_v3_pred_0.pkl
A,B,0.365,30,0.128,0.155,0.264,36.7,1,0,/groups/scienceai/kcd635/AF2/predictions/ppi_benchmark/ccr5_human___2098,unrelaxed_model_1_multimer_v3_pred_0.pdb,result_model_1_multimer_v3_pred_0.pkl
A,B,0.322,62,0.116,0.142,0.245,36.44,1,0,/groups/scienceai/kcd635/AF2/predictions/ppi_benchmark/vipr2_human___1140,unrelaxed_model_1_multimer_v3_pred_0.pdb,result_model_1_multimer_v3_pred_0.pkl
A,B,0.377,34,0.147,0.171,0.266,38.03,1,0,/groups/scienceai/kcd635/AF2/predictions/ppi_benchmark/npsr1_human___2168,unrelaxed_model_1_multimer_v3_pred_0.pdb,result_model_1_multimer_v3_pred_0.pkl
A,B,0.455,175,0.116,0.131,0.192,33.72,1,0,/groups/scienceai/kcd635/AF2/predictions/ppi_benchmark/ednra_human___613,unrelaxed_model_1_multimer_v3_pred_0.pdb,result_model_1_multimer_v3_pred_0.pkl
A,B,0.365,27,0.12,0.143,0.236,37.44,1,0,/groups/scienceai/kcd635/AF2/predictions/ppi_benchmark/mc5r_human___2257,unrelaxed_model_1_multimer_v3_pred_0.pdb,result_model_1_multimer_v3_pred_0.pkl
A,B,0.542,490,0.099,0.127,0.24,37.5,1,0,/groups/scienceai/kcd635/AF2/predictions/ppi_benchmark/nk1r_human___1504,unrelaxed_model_1_multimer_v3_pred_0.pdb,result_model_1_multimer_v3_pred_0.pkl
A,B,0.461,343,0.132,0.15,0.22,36.22,1,0,/groups/scienceai/kcd635/AF2/predictions/ppi_benchmark/cxcr1_human___3645,unrelaxed_model_1_multimer_v3_pred_0.pdb,result_model_1_multimer_v3_pred_0.pkl
A,B,0.51,533,0.103,0.129,0.232,37.34,1,0,/groups/scienceai/kcd635/AF2/predictions/ppi_benchmark/oprx_human___4358,unrelaxed_model_1_multimer_v3_pred_0.pdb,result_model_1_multimer_v3_pred_0.pkl
A,B,0.252,1329,0.108,0.132,0.229,41.9,1,0,/groups/scienceai/kcd635/AF2/predictions/ppi_benchmark/mc5r_human___573,unrelaxed_model_1_multimer_v3_pred_0.pdb,result_model_1_multimer_v3_pred_0.pkl
A,B,0.311,35,0.152,0.164,0.211,33.94,1,0,/groups/scienceai/kcd635/AF2/predictions/ppi_benchmark/c3ar_human___2090,unrelaxed_model_1_multimer_v3_pred_0.pdb,result_model_1_multimer_v3_pred_0.pkl
A,B,0.311,33,0.159,0.181,0.269,38.66,1,0,/groups/scienceai/kcd635/AF2/predictions/ppi_benchmark/ackr3_human___1579,unrelaxed_model_1_multimer_v3_pred_0.pdb,result_model_1_multimer_v3_pred_0.pkl
A,B,0.345,32,0.161,0.189,0.298,38.88,1,0,/groups/scienceai/kcd635/AF2/predictions/ppi_benchmark/mtlr_human___1579,unrelaxed_model_1_multimer_v3_pred_0.pdb,result_model_1_multimer_v3_pred_0.pkl
A,B,0.297,164,0.088,0.122,0.257,37.78,1,0,/groups/scienceai/kcd635/AF2/predictions/ppi_benchmark/xcr1_human___5336,unrelaxed_model_1_multimer_v3_pred_0.pdb,result_model_1_multimer_v3_pred_0.pkl
A,B,0.209,293,0.089,0.118,0.234,37.34,1,0,/groups/scienceai/kcd635/AF2/predictions/ppi_benchmark/xcr1_human___3647,unrelaxed_model_1_multimer_v3_pred_0.pdb,result_model_1_multimer_v3_pred_0.pkl
A,B,0.464,408,0.109,0.133,0.227,36.56,1,0,/groups/scienceai/kcd635/AF2/predictions/ppi_benchmark/ackr2_human___754,unrelaxed_model_1_multimer_v3_pred_0.pdb,result_model_1_multimer_v3_pred_0.pkl
A,B,0.329,237,0.098,0.125,0.234,36.78,1,0,/groups/scienceai/kcd635/AF2/predictions/ppi_benchmark/xcr1_human___817,unrelaxed_model_1_multimer_v3_pred_0.pdb,result_model_1_multimer_v3_pred_0.pkl
A,B,0.332,30,0.117,0.142,0.244,37.03,1,0,/groups/scienceai/kcd635/AF2/predictions/ppi_benchmark/ssr2_human___1140,unrelaxed_model_1_multimer_v3_pred_0.pdb,result_model_1_multimer_v3_pred_0.pkl
A,B,0.331,59,0.124,0.148,0.246,36.9,1,0,/groups/scienceai/kcd635/AF2/predictions/ppi_benchmark/vipr2_human___1047,unrelaxed_model_1_multimer_v3_pred_0.pdb,result_model_1_multimer_v3_pred_0.pkl
A,B,0.35,31,0.158,0.179,0.264,38.2,1,0,/groups/scienceai/kcd635/AF2/predictions/ppi_benchmark/galr2_human___1479,unrelaxed_model_1_multimer_v3_pred_0.pdb,result_model_1_multimer_v3_pred_0.pkl
A,B,0.444,292,0.09,0.119,0.233,37.72,1,0,/groups/scienceai/kcd635/AF2/predictions/ppi_benchmark/mc3r_human___2270,unrelaxed_model_1_multimer_v3_pred_0.pdb,result_model_1_multimer_v3_pred_0.pkl
A,B,0.379,34,0.097,0.122,0.221,36.56,1,0,/groups/scienceai/kcd635/AF2/predictions/ppi_benchmark/ox2r_human___1699,unrelaxed_model_1_multimer_v3_pred_0.pdb,result_model_1_multimer_v3_pred_0.pkl
A,B,0.353,537,0.135,0.16,0.263,38.16,1,0,/groups/scienceai/kcd635/AF2/predictions/ppi_benchmark/ccr2_human___3645,unrelaxed_model_1_multimer_v3_pred_0.pdb,result_model_1_multimer_v3_pred_0.pkl
A,B,0.241,1027,0.134,0.155,0.239,42.38,1,0,/groups/scienceai/kcd635/AF2/predictions/ppi_benchmark/mc5r_human___574,unrelaxed_model_1_multimer_v3_pred_0.pdb,result_model_1_multimer_v3_pred_0.pkl
A,B,0.325,35,0.259,0.269,0.309,39.8,1,0,/groups/scienceai/kcd635/AF2/predictions/ppi_benchmark/ssr3_human___1298,unrelaxed_model_1_multimer_v3_pred_0.pdb,result_model_1_multimer_v3_pred_0.pkl
A,B,0.373,148,0.095,0.124,0.241,38.53,1,0,/groups/scienceai/kcd635/AF2/predictions/ppi_benchmark/cxcr6_human___821,unrelaxed_model_1_multimer_v3_pred_0.pdb,result_model_1_multimer_v3_pred_0.pkl
A,B,0.365,30,0.117,0.145,0.256,37.5,1,0,/groups/scienceai/kcd635/AF2/predictions/ppi_benchmark/npsr1_human___1490,unrelaxed_model_1_multimer_v3_pred_0.pdb,result_model_1_multimer_v3_pred_0.pkl
A,B,0.362,91,0.096,0.122,0.226,33.97,1,0,/groups/scienceai/kcd635/AF2/predictions/ppi_benchmark/mchr2_human___1470,unrelaxed_model_1_multimer_v3_pred_0.pdb,result_model_1_multimer_v3_pred_0.pkl
A,B,0.34,40,0.095,0.113,0.187,33.28,1,0,/groups/scienceai/kcd635/AF2/predictions/ppi_benchmark/ednra_human___687,unrelaxed_model_1_multimer_v3_pred_0.pdb,result_model_1_multimer_v3_pred_0.pkl
A,B,0.327,76,0.096,0.123,0.231,36.3,1,0,/groups/scienceai/kcd635/AF2/predictions/ppi_benchmark/cxcr3_human___2098,unrelaxed_model_1_multimer_v3_pred_0.pdb,result_model_1_multimer_v3_pred_0.pkl
A,B,0.478,428,0.103,0.131,0.243,36.3,1,0,/groups/scienceai/kcd635/AF2/predictions/ppi_benchmark/cml1_human___681,unrelaxed_model_1_multimer_v3_pred_0.pdb,result_model_1_multimer_v3_pred_0.pkl
A,B,0.368,58,0.098,0.122,0.221,37.03,1,0,/groups/scienceai/kcd635/AF2/predictions/ppi_benchmark/ackr1_human___1458,unrelaxed_model_1_multimer_v3_pred_0.pdb,result_model_1_multimer_v3_pred_0.pkl
A,B,0.346,37,0.134,0.149,0.207,35.12,1,0,/groups/scienceai/kcd635/AF2/predictions/ppi_benchmark/fpr1_human___1157,unrelaxed_model_1_multimer_v3_pred_0.pdb,result_model_1_multimer_v3_pred_0.pkl
A,B,0.334,28,0.122,0.145,0.234,34.12,1,0,/groups/scienceai/kcd635/AF2/predictions/ppi_benchmark/grpr_human___612,unrelaxed_model_1_multimer_v3_pred_0.pdb,result_model_1_multimer_v3_pred_0.pkl
A,B,0.363,130,0.119,0.14,0.222,36.2,1,0,/groups/scienceai/kcd635/AF2/predictions/ppi_benchmark/rl3r1_human___3643,unrelaxed_model_1_multimer_v3_pred_0.pdb,result_model_1_multimer_v3_pred_0.pkl
A,B,0.337,31,0.099,0.122,0.218,37.97,1,0,/groups/scienceai/kcd635/AF2/predictions/ppi_benchmark/calcr_human___1140,unrelaxed_model_1_multimer_v3_pred_0.pdb,result_model_1_multimer_v3_pred_0.pkl
A,B,0.179,249,0.1,0.128,0.242,38.88,1,0,/groups/scienceai/kcd635/AF2/predictions/ppi_benchmark/npbw2_human___3640,unrelaxed_model_1_multimer_v3_pred_0.pdb,result_model_1_multimer_v3_pred_0.pkl
A,B,0.351,34,0.151,0.172,0.256,39.06,1,0,/groups/scienceai/kcd635/AF2/predictions/ppi_benchmark/xcr1_human___644,unrelaxed_model_1_multimer_v3_pred_0.pdb,result_model_1_multimer_v3_pred_0.pkl
A,B,0.429,166,0.098,0.121,0.215,33.66,1,0,/groups/scienceai/kcd635/AF2/predictions/ppi_benchmark/mchr2_human___3594,unrelaxed_model_1_multimer_v3_pred_0.pdb,result_model_1_multimer_v3_pred_0.pkl
A,B,0.289,218,0.181,0.189,0.221,36.88,1,0,/groups/scienceai/kcd635/AF2/predictions/ppi_benchmark/ccr8_human___798,unrelaxed_model_1_multimer_v3_pred_0.pdb,result_model_1_multimer_v3_pred_0.pkl
A,B,0.38,37,0.182,0.201,0.274,37.03,1,0,/groups/scienceai/kcd635/AF2/predictions/ppi_benchmark/ssr3_human___646,unrelaxed_model_1_multimer_v3_pred_0.pdb,result_model_1_multimer_v3_pred_0.pkl
A,B,0.295,85,0.105,0.135,0.253,36.0,1,0,/groups/scienceai/kcd635/AF2/predictions/ppi_benchmark/g37l1_human___6067,unrelaxed_model_1_multimer_v3_pred_0.pdb,result_model_1_multimer_v3_pred_0.pkl
A,B,0.359,32,0.138,0.171,0.302,40.66,1,0,/groups/scienceai/kcd635/AF2/predictions/ppi_benchmark/oprm_human___1157,unrelaxed_model_1_multimer_v3_pred_0.pdb,result_model_1_multimer_v3_pred_0.pkl
A,B,0.301,36,0.097,0.127,0.249,37.47,1,0,/groups/scienceai/kcd635/AF2/predictions/ppi_benchmark/pkr2_human___921,unrelaxed_model_1_multimer_v3_pred_0.pdb,result_model_1_multimer_v3_pred_0.pkl
A,B,0.302,69,0.11,0.133,0.223,34.94,1,0,/groups/scienceai/kcd635/AF2/predictions/ppi_benchmark/npy1r_human___2098,unrelaxed_model_1_multimer_v3_pred_0.pdb,result_model_1_multimer_v3_pred_0.pkl
A,B,0.421,422,0.107,0.135,0.247,37.56,1,0,/groups/scienceai/kcd635/AF2/predictions/ppi_benchmark/npbw2_human___2945,unrelaxed_model_1_multimer_v3_pred_0.pdb,result_model_1_multimer_v3_pred_0.pkl
A,B,0.386,31,0.173,0.196,0.287,40.47,1,0,/groups/scienceai/kcd635/AF2/predictions/ppi_benchmark/npbw1_human___1623,unrelaxed_model_1_multimer_v3_pred_0.pdb,result_model_1_multimer_v3_pred_0.pkl
A,B,0.329,57,0.09,0.126,0.267,37.44,1,0,/groups/scienceai/kcd635/AF2/predictions/ppi_benchmark/ccr9_human___2257,unrelaxed_model_1_multimer_v3_pred_0.pdb,result_model_1_multimer_v3_pred_0.pkl
A,B,0.316,34,0.095,0.124,0.237,37.78,1,0,/groups/scienceai/kcd635/AF2/predictions/ppi_benchmark/crfr1_human___921,unrelaxed_model_1_multimer_v3_pred_0.pdb,result_model_1_multimer_v3_pred_0.pkl
A,B,0.373,280,0.122,0.136,0.192,39.62,1,0,/groups/scienceai/kcd635/AF2/predictions/ppi_benchmark/oprd_human___3646,unrelaxed_model_1_multimer_v3_pred_0.pdb,result_model_1_multimer_v3_pred_0.pkl
A,B,0.314,52,0.134,0.157,0.249,36.97,1,0,/groups/scienceai/kcd635/AF2/predictions/ppi_benchmark/cxcr3_human___5895,unrelaxed_model_1_multimer_v3_pred_0.pdb,result_model_1_multimer_v3_pred_0.pkl
A,B,0.517,213,0.146,0.169,0.261,36.47,1,0,/groups/scienceai/kcd635/AF2/predictions/ppi_benchmark/g37l1_human___4058,unrelaxed_model_1_multimer_v3_pred_0.pdb,result_model_1_multimer_v3_pred_0.pkl
A,B,0.328,37,0.124,0.148,0.244,38.1,1,0,/groups/scienceai/kcd635/AF2/predictions/ppi_benchmark/ur2r_human___2257,unrelaxed_model_1_multimer_v3_pred_0.pdb,result_model_1_multimer_v3_pred_0.pkl
A,B,0.551,389,0.101,0.121,0.205,36.28,1,0,/groups/scienceai/kcd635/AF2/predictions/ppi_benchmark/ccr9_human___758,unrelaxed_model_1_multimer_v3_pred_0.pdb,result_model_1_multimer_v3_pred_0.pkl
A,B,0.381,29,0.137,0.15,0.202,36.25,1,0,/groups/scienceai/kcd635/AF2/predictions/ppi_benchmark/cckar_human___1298,unrelaxed_model_1_multimer_v3_pred_0.pdb,result_model_1_multimer_v3_pred_0.pkl
A,B,0.303,40,0.106,0.129,0.222,34.38,1,0,/groups/scienceai/kcd635/AF2/predictions/ppi_benchmark/npff1_human___1699,unrelaxed_model_1_multimer_v3_pred_0.pdb,result_model_1_multimer_v3_pred_0.pkl
A,B,0.481,316,0.143,0.159,0.223,35.66,1,0,/groups/scienceai/kcd635/AF2/predictions/ppi_benchmark/ccr6_human___758,unrelaxed_model_1_multimer_v3_pred_0.pdb,result_model_1_multimer_v3_pred_0.pkl
A,B,0.256,61,0.101,0.121,0.201,34.9,1,0,/groups/scienceai/kcd635/AF2/predictions/ppi_benchmark/ccr7_human___817,unrelaxed_model_1_multimer_v3_pred_0.pdb,result_model_1_multimer_v3_pred_0.pkl
A,B,0.292,67,0.185,0.2,0.257,35.28,1,0,/groups/scienceai/kcd635/AF2/predictions/ppi_benchmark/ccr2_human___2168,unrelaxed_model_1_multimer_v3_pred_0.pdb,result_model_1_multimer_v3_pred_0.pkl
A,B,0.533,540,0.114,0.134,0.213,34.6,1,0,/groups/scienceai/kcd635/AF2/predictions/ppi_benchmark/trfr_human___921,unrelaxed_model_1_multimer_v3_pred_0.pdb,result_model_1_multimer_v3_pred_0.pkl
A,B,0.352,32,0.104,0.131,0.239,35.84,1,0,/groups/scienceai/kcd635/AF2/predictions/ppi_benchmark/cxcr2_human___5895,unrelaxed_model_1_multimer_v3_pred_0.pdb,result_model_1_multimer_v3_pred_0.pkl
A,B,0.433,3206,0.124,0.157,0.288,38.75,1,0,/groups/scienceai/kcd635/AF2/predictions/ppi_benchmark/v1ar_human___3646,unrelaxed_model_1_multimer_v3_pred_0.pdb,result_model_1_multimer_v3_pred_0.pkl
A,B,0.347,40,0.153,0.175,0.263,34.78,1,0,/groups/scienceai/kcd635/AF2/predictions/ppi_benchmark/fpr3_human___1479,unrelaxed_model_1_multimer_v3_pred_0.pdb,result_model_1_multimer_v3_pred_0.pkl
A,B,0.252,428,0.161,0.179,0.25,37.1,1,0,/groups/scienceai/kcd635/AF2/predictions/ppi_benchmark/cxcr5_human___3645,unrelaxed_model_1_multimer_v3_pred_0.pdb,result_model_1_multimer_v3_pred_0.pkl
A,B,0.269,63,0.135,0.152,0.217,35.34,1,0,/groups/scienceai/kcd635/AF2/predictions/ppi_benchmark/cxcr1_human___758,unrelaxed_model_1_multimer_v3_pred_0.pdb,result_model_1_multimer_v3_pred_0.pkl
A,B,0.278,593,0.103,0.133,0.256,34.12,1,0,/groups/scienceai/kcd635/AF2/predictions/ppi_benchmark/fpr3_human___681,unrelaxed_model_1_multimer_v3_pred_0.pdb,result_model_1_multimer_v3_pred_0.pkl
A,B,0.325,153,0.098,0.128,0.248,37.38,1,0,/groups/scienceai/kcd635/AF2/predictions/ppi_benchmark/mc4r_human___3606,unrelaxed_model_1_multimer_v3_pred_0.pdb,result_model_1_multimer_v3_pred_0.pkl
A,B,0.334,31,0.128,0.144,0.211,37.03,1,0,/groups/scienceai/kcd635/AF2/predictions/ppi_benchmark/calcr_human___2257,unrelaxed_model_1_multimer_v3_pred_0.pdb,result_model_1_multimer_v3_pred_0.pkl
A,B,0.38,31,0.115,0.137,0.223,37.22,1,0,/groups/scienceai/kcd635/AF2/predictions/ppi_benchmark/ox2r_human___613,unrelaxed_model_1_multimer_v3_pred_0.pdb,result_model_1_multimer_v3_pred_0.pkl
A,B,0.38,30,0.102,0.133,0.259,38.06,1,0,/groups/scienceai/kcd635/AF2/predictions/ppi_benchmark/npbw2_human___1495,unrelaxed_model_1_multimer_v3_pred_0.pdb,result_model_1_multimer_v3_pred_0.pkl
A,B,0.367,34,0.115,0.14,0.239,35.97,1,0,/groups/scienceai/kcd635/AF2/predictions/ppi_benchmark/ccr1_human___2098,unrelaxed_model_1_multimer_v3_pred_0.pdb,result_model_1_multimer_v3_pred_0.pkl
A,B,0.227,72,0.111,0.128,0.194,32.44,1,0,/groups/scienceai/kcd635/AF2/predictions/ppi_benchmark/cckar_human___687,unrelaxed_model_1_multimer_v3_pred_0.pdb,result_model_1_multimer_v3_pred_0.pkl
A,B,0.331,59,0.102,0.127,0.226,37.03,1,0,/groups/scienceai/kcd635/AF2/predictions/ppi_benchmark/rl3r1_human___2019,unrelaxed_model_1_multimer_v3_pred_0.pdb,result_model_1_multimer_v3_pred_0.pkl
A,B,0.314,32,0.091,0.114,0.203,33.47,1,0,/groups/scienceai/kcd635/AF2/predictions/ppi_benchmark/ednra_human___3542,unrelaxed_model_1_multimer_v3_pred_0.pdb,result_model_1_multimer_v3_pred_0.pkl
A,B,0.383,46,0.12,0.144,0.241,35.4,1,0,/groups/scienceai/kcd635/AF2/predictions/ppi_benchmark/ntr1_human___1470,unrelaxed_model_1_multimer_v3_pred_0.pdb,result_model_1_multimer_v3_pred_0.pkl
A,B,0.485,242,0.09,0.116,0.22,37.5,1,0,/groups/scienceai/kcd635/AF2/predictions/ppi_benchmark/ccr7_human___1490,unrelaxed_model_1_multimer_v3_pred_0.pdb,result_model_1_multimer_v3_pred_0.pkl
A,B,0.318,32,0.101,0.123,0.211,37.38,1,0,/groups/scienceai/kcd635/AF2/predictions/ppi_benchmark/ccr7_human___1504,unrelaxed_model_1_multimer_v3_pred_0.pdb,result_model_1_multimer_v3_pred_0.pkl
A,B,0.377,128,0.088,0.114,0.216,35.84,1,0,/groups/scienceai/kcd635/AF2/predictions/ppi_benchmark/oprx_human___2945,unrelaxed_model_1_multimer_v3_pred_0.pdb,result_model_1_multimer_v3_pred_0.pkl
A,B,0.333,42,0.12,0.141,0.227,34.8,1,0,/groups/scienceai/kcd635/AF2/predictions/ppi_benchmark/npff1_human___1479,unrelaxed_model_1_multimer_v3_pred_0.pdb,result_model_1_multimer_v3_pred_0.pkl
A,B,0.266,52,0.11,0.134,0.231,35.2,1,0,/groups/scienceai/kcd635/AF2/predictions/ppi_benchmark/mchr2_human___1298,unrelaxed_model_1_multimer_v3_pred_0.pdb,result_model_1_multimer_v3_pred_0.pkl
A,B,0.272,57,0.297,0.3,0.313,41.28,1,0,/groups/scienceai/kcd635/AF2/predictions/ppi_benchmark/agtr1_human___1298,unrelaxed_model_1_multimer_v3_pred_0.pdb,result_model_1_multimer_v3_pred_0.pkl
A,B,0.52,228,0.104,0.129,0.229,37.3,1,0,/groups/scienceai/kcd635/AF2/predictions/ppi_benchmark/ccr7_human___1579,unrelaxed_model_1_multimer_v3_pred_0.pdb,result_model_1_multimer_v3_pred_0.pkl
A,B,0.287,58,0.143,0.169,0.271,38.38,1,0,/groups/scienceai/kcd635/AF2/predictions/ppi_benchmark/kissr_human___1790,unrelaxed_model_1_multimer_v3_pred_0.pdb,result_model_1_multimer_v3_pred_0.pkl
A,B,0.333,30,0.107,0.131,0.227,36.2,1,0,/groups/scienceai/kcd635/AF2/predictions/ppi_benchmark/ox2r_human___3735,unrelaxed_model_1_multimer_v3_pred_0.pdb,result_model_1_multimer_v3_pred_0.pkl
A,B,0.434,85,0.089,0.119,0.236,36.62,1,0,/groups/scienceai/kcd635/AF2/predictions/ppi_benchmark/vipr2_human___3542,unrelaxed_model_1_multimer_v3_pred_0.pdb,result_model_1_multimer_v3_pred_0.pkl
A,B,0.26,1168,0.135,0.17,0.311,41.12,1,0,/groups/scienceai/kcd635/AF2/predictions/ppi_benchmark/mrgx1_human___3640,unrelaxed_model_1_multimer_v3_pred_0.pdb,result_model_1_multimer_v3_pred_0.pkl
A,B,0.465,2445,0.144,0.175,0.298,38.16,1,0,/groups/scienceai/kcd635/AF2/predictions/ppi_benchmark/v1ar_human___758,unrelaxed_model_1_multimer_v3_pred_0.pdb,result_model_1_multimer_v3_pred_0.pkl
A,B,0.272,45,0.111,0.135,0.228,35.2,1,0,/groups/scienceai/kcd635/AF2/predictions/ppi_benchmark/glp1r_human___3643,unrelaxed_model_1_multimer_v3_pred_0.pdb,result_model_1_multimer_v3_pred_0.pkl
A,B,0.245,53,0.11,0.135,0.234,35.25,1,0,/groups/scienceai/kcd635/AF2/predictions/ppi_benchmark/nk3r_human___1790,unrelaxed_model_1_multimer_v3_pred_0.pdb,result_model_1_multimer_v3_pred_0.pkl
A,B,0.344,45,0.136,0.163,0.267,40.34,1,0,/groups/scienceai/kcd635/AF2/predictions/ppi_benchmark/oprd_human___644,unrelaxed_model_1_multimer_v3_pred_0.pdb,result_model_1_multimer_v3_pred_0.pkl
A,B,0.293,57,0.138,0.16,0.247,36.72,1,0,/groups/scienceai/kcd635/AF2/predictions/ppi_benchmark/mc4r_human___1997,unrelaxed_model_1_multimer_v3_pred_0.pdb,result_model_1_multimer_v3_pred_0.pkl
A,B,0.353,33,0.094,0.127,0.259,39.0,1,0,/groups/scienceai/kcd635/AF2/predictions/ppi_benchmark/c5ar1_human___5895,unrelaxed_model_1_multimer_v3_pred_0.pdb,result_model_1_multimer_v3_pred_0.pkl
A,B,0.365,35,0.126,0.153,0.261,39.0,1,0,/groups/scienceai/kcd635/AF2/predictions/ppi_benchmark/ackr3_human___1157,unrelaxed_model_1_multimer_v3_pred_0.pdb,result_model_1_multimer_v3_pred_0.pkl
A,B,0.332,39,0.188,0.202,0.257,39.06,1,0,/groups/scienceai/kcd635/AF2/predictions/ppi_benchmark/ur2r_human___1320,unrelaxed_model_1_multimer_v3_pred_0.pdb,result_model_1_multimer_v3_pred_0.pkl
A,B,0.367,243,0.281,0.279,0.268,43.8,1,0,/groups/scienceai/kcd635/AF2/predictions/ppi_benchmark/c5ar1_human___573,unrelaxed_model_1_multimer_v3_pred_0.pdb,result_model_1_multimer_v3_pred_0.pkl
A,B,0.334,35,0.162,0.183,0.267,37.94,1,0,/groups/scienceai/kcd635/AF2/predictions/ppi_benchmark/nk1r_human___2098,unrelaxed_model_1_multimer_v3_pred_0.pdb,result_model_1_multimer_v3_pred_0.pkl
A,B,0.358,49,0.134,0.159,0.26,37.38,1,0,/groups/scienceai/kcd635/AF2/predictions/ppi_benchmark/npy4r_human___2098,unrelaxed_model_1_multimer_v3_pred_0.pdb,result_model_1_multimer_v3_pred_0.pkl
A,B,0.267,123,0.105,0.129,0.225,38.16,1,0,/groups/scienceai/kcd635/AF2/predictions/ppi_benchmark/c5ar2_human___921,unrelaxed_model_1_multimer_v3_pred_0.pdb,result_model_1_multimer_v3_pred_0.pkl
A,B,0.301,260,0.102,0.126,0.225,35.3,1,0,/groups/scienceai/kcd635/AF2/predictions/ppi_benchmark/npy4r_human___771,unrelaxed_model_1_multimer_v3_pred_0.pdb,result_model_1_multimer_v3_pred_0.pkl
A,B,0.359,30,0.129,0.16,0.282,38.97,1,0,/groups/scienceai/kcd635/AF2/predictions/ppi_benchmark/kissr_human___1871,unrelaxed_model_1_multimer_v3_pred_0.pdb,result_model_1_multimer_v3_pred_0.pkl
A,B,0.361,35,0.129,0.145,0.208,35.8,1,0,/groups/scienceai/kcd635/AF2/predictions/ppi_benchmark/npy2r_human___2156,unrelaxed_model_1_multimer_v3_pred_0.pdb,result_model_1_multimer_v3_pred_0.pkl
A,B,0.352,32,0.192,0.207,0.269,38.44,1,0,/groups/scienceai/kcd635/AF2/predictions/ppi_benchmark/mtlr_human___2098,unrelaxed_model_1_multimer_v3_pred_0.pdb,result_model_1_multimer_v3_pred_0.pkl
A,B,0.351,31,0.1,0.129,0.247,34.94,1,0,/groups/scienceai/kcd635/AF2/predictions/ppi_benchmark/pkr1_human___687,unrelaxed_model_1_multimer_v3_pred_0.pdb,result_model_1_multimer_v3_pred_0.pkl
A,B,0.311,122,0.121,0.141,0.224,36.0,1,0,/groups/scienceai/kcd635/AF2/predictions/ppi_benchmark/cxcr2_human___771,unrelaxed_model_1_multimer_v3_pred_0.pdb,result_model_1_multimer_v3_pred_0.pkl
A,B,0.319,58,0.111,0.136,0.236,35.3,1,0,/groups/scienceai/kcd635/AF2/predictions/ppi_benchmark/nk3r_human___1871,unrelaxed_model_1_multimer_v3_pred_0.pdb,result_model_1_multimer_v3_pred_0.pkl
A,B,0.334,214,0.109,0.132,0.225,36.53,1,0,/groups/scienceai/kcd635/AF2/predictions/ppi_benchmark/cxcr4_human___921,unrelaxed_model_1_multimer_v3_pred_0.pdb,result_model_1_multimer_v3_pred_0.pkl
A,B,0.347,197,0.141,0.171,0.29,37.84,1,0,/groups/scienceai/kcd635/AF2/predictions/ppi_benchmark/mtlr_human___687,unrelaxed_model_1_multimer_v3_pred_0.pdb,result_model_1_multimer_v3_pred_0.pkl
A,B,0.321,34,0.17,0.194,0.291,39.56,1,0,/groups/scienceai/kcd635/AF2/predictions/ppi_benchmark/galr3_human___1162,unrelaxed_model_1_multimer_v3_pred_0.pdb,result_model_1_multimer_v3_pred_0.pkl
A,B,0.359,34,0.101,0.132,0.254,36.94,1,0,/groups/scienceai/kcd635/AF2/predictions/ppi_benchmark/pkr2_human___1152,unrelaxed_model_1_multimer_v3_pred_0.pdb,result_model_1_multimer_v3_pred_0.pkl
A,B,0.468,144,0.104,0.134,0.258,39.22,1,0,/groups/scienceai/kcd635/AF2/predictions/ppi_benchmark/sctr_human___3606,unrelaxed_model_1_multimer_v3_pred_0.pdb,result_model_1_multimer_v3_pred_0.pkl
A,B,0.355,124,0.118,0.14,0.228,36.78,1,0,/groups/scienceai/kcd635/AF2/predictions/ppi_benchmark/rl3r1_human___1997,unrelaxed_model_1_multimer_v3_pred_0.pdb,result_model_1_multimer_v3_pred_0.pkl
A,B,0.413,276,0.153,0.168,0.228,35.94,1,0,/groups/scienceai/kcd635/AF2/predictions/ppi_benchmark/qrfpr_human___758,unrelaxed_model_1_multimer_v3_pred_0.pdb,result_model_1_multimer_v3_pred_0.pkl
A,B,0.416,379,0.104,0.129,0.228,39.1,1,0,/groups/scienceai/kcd635/AF2/predictions/ppi_benchmark/ccr8_human___1514,unrelaxed_model_1_multimer_v3_pred_0.pdb,result_model_1_multimer_v3_pred_0.pkl
A,B,0.383,39,0.122,0.155,0.285,39.28,1,0,/groups/scienceai/kcd635/AF2/predictions/ppi_benchmark/v2r_human___11417,unrelaxed_model_1_multimer_v3_pred_0.pdb,result_model_1_multimer_v3_pred_0.pkl
A,B,0.428,147,0.095,0.121,0.225,36.38,1,0,/groups/scienceai/kcd635/AF2/predictions/ppi_benchmark/glr_human___1140,unrelaxed_model_1_multimer_v3_pred_0.pdb,result_model_1_multimer_v3_pred_0.pkl
A,B,0.362,1706,0.124,0.156,0.286,38.16,1,0,/groups/scienceai/kcd635/AF2/predictions/ppi_benchmark/ssr3_human___758,unrelaxed_model_1_multimer_v3_pred_0.pdb,result_model_1_multimer_v3_pred_0.pkl
A,B,0.35,33,0.115,0.137,0.223,34.62,1,0,/groups/scienceai/kcd635/AF2/predictions/ppi_benchmark/mchr1_human___3542,unrelaxed_model_1_multimer_v3_pred_0.pdb,result_model_1_multimer_v3_pred_0.pkl
A,B,0.361,30,0.141,0.16,0.235,34.88,1,0,/groups/scienceai/kcd635/AF2/predictions/ppi_benchmark/mchr1_human___1298,unrelaxed_model_1_multimer_v3_pred_0.pdb,result_model_1_multimer_v3_pred_0.pkl
A,B,0.362,42,0.137,0.168,0.29,38.75,1,0,/groups/scienceai/kcd635/AF2/predictions/ppi_benchmark/mtlr_human___1458,unrelaxed_model_1_multimer_v3_pred_0.pdb,result_model_1_multimer_v3_pred_0.pkl
A,B,0.383,29,0.086,0.118,0.248,37.97,1,0,/groups/scienceai/kcd635/AF2/predictions/ppi_benchmark/oprx_human___1623,unrelaxed_model_1_multimer_v3_pred_0.pdb,result_model_1_multimer_v3_pred_0.pkl
A,B,0.323,30,0.084,0.12,0.263,37.56,1,0,/groups/scienceai/kcd635/AF2/predictions/ppi_benchmark/galr2_human___1162,unrelaxed_model_1_multimer_v3_pred_0.pdb,result_model_1_multimer_v3_pred_0.pkl
A,B,0.335,37,0.097,0.123,0.226,35.97,1,0,/groups/scienceai/kcd635/AF2/predictions/ppi_benchmark/ccr4_human___1579,unrelaxed_model_1_multimer_v3_pred_0.pdb,result_model_1_multimer_v3_pred_0.pkl
A,B,0.39,133,0.116,0.14,0.235,36.38,1,0,/groups/scienceai/kcd635/AF2/predictions/ppi_benchmark/glr_human___2257,unrelaxed_model_1_multimer_v3_pred_0.pdb,result_model_1_multimer_v3_pred_0.pkl
A,B,0.5,594,0.103,0.125,0.213,38.6,1,0,/groups/scienceai/kcd635/AF2/predictions/ppi_benchmark/mrgx2_human___3640,unrelaxed_model_1_multimer_v3_pred_0.pdb,result_model_1_multimer_v3_pred_0.pkl
A,B,0.336,62,0.096,0.12,0.219,34.6,1,0,/groups/scienceai/kcd635/AF2/predictions/ppi_benchmark/vipr1_human___3542,unrelaxed_model_1_multimer_v3_pred_0.pdb,result_model_1_multimer_v3_pred_0.pkl
A,B,0.259,258,0.18,0.199,0.273,36.75,1,0,/groups/scienceai/kcd635/AF2/predictions/ppi_benchmark/v1br_human___758,unrelaxed_model_1_multimer_v3_pred_0.pdb,result_model_1_multimer_v3_pred_0.pkl
A,B,0.37,48,0.102,0.132,0.253,41.25,1,0,/groups/scienceai/kcd635/AF2/predictions/ppi_benchmark/oxyr_human___5654,unrelaxed_model_1_multimer_v3_pred_0.pdb,result_model_1_multimer_v3_pred_0.pkl
A,B,0.342,200,0.141,0.159,0.231,38.4,1,0,/groups/scienceai/kcd635/AF2/predictions/ppi_benchmark/ackr4_human___798,unrelaxed_model_1_multimer_v3_pred_0.pdb,result_model_1_multimer_v3_pred_0.pkl
A,B,0.282,41,0.103,0.126,0.22,35.6,1,0,/groups/scienceai/kcd635/AF2/predictions/ppi_benchmark/nk3r_human___1514,unrelaxed_model_1_multimer_v3_pred_0.pdb,result_model_1_multimer_v3_pred_0.pkl
A,B,0.259,225,0.122,0.138,0.2,38.6,1,0,/groups/scienceai/kcd635/AF2/predictions/ppi_benchmark/cckar_human___573,unrelaxed_model_1_multimer_v3_pred_0.pdb,result_model_1_multimer_v3_pred_0.pkl
A,B,0.315,34,0.114,0.143,0.257,38.62,1,0,/groups/scienceai/kcd635/AF2/predictions/ppi_benchmark/npbw1_human___1495,unrelaxed_model_1_multimer_v3_pred_0.pdb,result_model_1_multimer_v3_pred_0.pkl
A,B,0.458,2888,0.101,0.141,0.298,37.88,1,0,/groups/scienceai/kcd635/AF2/predictions/ppi_benchmark/v1ar_human___812,unrelaxed_model_1_multimer_v3_pred_0.pdb,result_model_1_multimer_v3_pred_0.pkl
A,B,0.515,368,0.12,0.14,0.222,34.62,1,0,/groups/scienceai/kcd635/AF2/predictions/ppi_benchmark/grpr_human___3594,unrelaxed_model_1_multimer_v3_pred_0.pdb,result_model_1_multimer_v3_pred_0.pkl
A,B,0.445,133,0.11,0.137,0.248,38.16,1,0,/groups/scienceai/kcd635/AF2/predictions/ppi_benchmark/cml2_human___646,unrelaxed_model_1_multimer_v3_pred_0.pdb,result_model_1_multimer_v3_pred_0.pkl
A,B,0.369,36,0.101,0.124,0.218,33.72,1,0,/groups/scienceai/kcd635/AF2/predictions/ppi_benchmark/ednrb_human___3542,unrelaxed_model_1_multimer_v3_pred_0.pdb,result_model_1_multimer_v3_pred_0.pkl
A,B,0.297,45,0.1,0.124,0.22,38.75,1,0,/groups/scienceai/kcd635/AF2/predictions/ppi_benchmark/gnrhr_human___3935,unrelaxed_model_1_multimer_v3_pred_0.pdb,result_model_1_multimer_v3_pred_0.pkl
A,B,0.215,51,0.094,0.129,0.268,40.4,1,0,/groups/scienceai/kcd635/AF2/predictions/ppi_benchmark/acthr_human___1272,unrelaxed_model_1_multimer_v3_pred_0.pdb,result_model_1_multimer_v3_pred_0.pkl
A,B,0.364,116,0.104,0.126,0.215,38.6,1,0,/groups/scienceai/kcd635/AF2/predictions/ppi_benchmark/mrgx2_human___2945,unrelaxed_model_1_multimer_v3_pred_0.pdb,result_model_1_multimer_v3_pred_0.pkl
A,B,0.405,36,0.115,0.155,0.317,43.2,1,0,/groups/scienceai/kcd635/AF2/predictions/ppi_benchmark/mrgx1_human___1623,unrelaxed_model_1_multimer_v3_pred_0.pdb,result_model_1_multimer_v3_pred_0.pkl
A,B,0.348,30,0.131,0.15,0.226,35.5,1,0,/groups/scienceai/kcd635/AF2/predictions/ppi_benchmark/bkrb2_human___1790,unrelaxed_model_1_multimer_v3_pred_0.pdb,result_model_1_multimer_v3_pred_0.pkl
A,B,0.471,599,0.18,0.193,0.247,37.5,1,0,/groups/scienceai/kcd635/AF2/predictions/ppi_benchmark/cxcr5_human___808,unrelaxed_model_1_multimer_v3_pred_0.pdb,result_model_1_multimer_v3_pred_0.pkl
A,B,0.365,189,0.111,0.139,0.255,35.84,1,0,/groups/scienceai/kcd635/AF2/predictions/ppi_benchmark/nmbr_human___921,unrelaxed_model_1_multimer_v3_pred_0.pdb,result_model_1_multimer_v3_pred_0.pkl
A,B,0.288,176,0.135,0.161,0.264,38.72,1,0,/groups/scienceai/kcd635/AF2/predictions/ppi_benchmark/ntr2_human___1470,unrelaxed_model_1_multimer_v3_pred_0.pdb,result_model_1_multimer_v3_pred_0.pkl
A,B,0.233,165,0.115,0.138,0.232,38.38,1,0,/groups/scienceai/kcd635/AF2/predictions/ppi_benchmark/ackr2_human___821,unrelaxed_model_1_multimer_v3_pred_0.pdb,result_model_1_multimer_v3_pred_0.pkl
A,B,0.37,34,0.169,0.183,0.239,37.16,1,0,/groups/scienceai/kcd635/AF2/predictions/ppi_benchmark/ackr2_human___1157,unrelaxed_model_1_multimer_v3_pred_0.pdb,result_model_1_multimer_v3_pred_0.pkl
A,B,0.547,679,0.09,0.122,0.251,37.7,1,0,/groups/scienceai/kcd635/AF2/predictions/ppi_benchmark/xcr1_human___2270,unrelaxed_model_1_multimer_v3_pred_0.pdb,result_model_1_multimer_v3_pred_0.pkl
A,B,0.349,36,0.141,0.158,0.225,36.88,1,0,/groups/scienceai/kcd635/AF2/predictions/ppi_benchmark/ox1r_human___613,unrelaxed_model_1_multimer_v3_pred_0.pdb,result_model_1_multimer_v3_pred_0.pkl
A,B,0.542,382,0.144,0.166,0.251,37.22,1,0,/groups/scienceai/kcd635/AF2/predictions/ppi_benchmark/apj_human___1504,unrelaxed_model_1_multimer_v3_pred_0.pdb,result_model_1_multimer_v3_pred_0.pkl
A,B,0.352,35,0.095,0.128,0.258,36.2,1,0,/groups/scienceai/kcd635/AF2/predictions/ppi_benchmark/calrl_human___3643,unrelaxed_model_1_multimer_v3_pred_0.pdb,result_model_1_multimer_v3_pred_0.pkl
A,B,0.376,29,0.098,0.12,0.21,37.2,1,0,/groups/scienceai/kcd635/AF2/predictions/ppi_benchmark/gnrhr_human___1152,unrelaxed_model_1_multimer_v3_pred_0.pdb,result_model_1_multimer_v3_pred_0.pkl
A,B,0.398,43,0.139,0.163,0.261,37.1,1,0,/groups/scienceai/kcd635/AF2/predictions/ppi_benchmark/galr1_human___3735,unrelaxed_model_1_multimer_v3_pred_0.pdb,result_model_1_multimer_v3_pred_0.pkl
A,B,0.399,318,0.126,0.15,0.247,35.78,1,0,/groups/scienceai/kcd635/AF2/predictions/ppi_benchmark/ccr5_human___3645,unrelaxed_model_1_multimer_v3_pred_0.pdb,result_model_1_multimer_v3_pred_0.pkl
A,B,0.251,77,0.12,0.148,0.26,39.28,1,0,/groups/scienceai/kcd635/AF2/predictions/ppi_benchmark/sctr_human___3643,unrelaxed_model_1_multimer_v3_pred_0.pdb,result_model_1_multimer_v3_pred_0.pkl
A,B,0.337,38,0.113,0.136,0.226,34.53,1,0,/groups/scienceai/kcd635/AF2/predictions/ppi_benchmark/npff1_human___11417,unrelaxed_model_1_multimer_v3_pred_0.pdb,result_model_1_multimer_v3_pred_0.pkl
A,B,0.281,165,0.186,0.195,0.231,37.25,1,0,/groups/scienceai/kcd635/AF2/predictions/ppi_benchmark/ccr1_human___1790,unrelaxed_model_1_multimer_v3_pred_0.pdb,result_model_1_multimer_v3_pred_0.pkl
A,B,0.504,291,0.096,0.127,0.25,34.3,1,0,/groups/scienceai/kcd635/AF2/predictions/ppi_benchmark/pkr1_human___1867,unrelaxed_model_1_multimer_v3_pred_0.pdb,result_model_1_multimer_v3_pred_0.pkl
A,B,0.35,37,0.242,0.253,0.3,40.8,1,0,/groups/scienceai/kcd635/AF2/predictions/ppi_benchmark/ntr2_human___1579,unrelaxed_model_1_multimer_v3_pred_0.pdb,result_model_1_multimer_v3_pred_0.pkl
A,B,0.327,70,0.11,0.136,0.24,35.72,1,0,/groups/scienceai/kcd635/AF2/predictions/ppi_benchmark/mchr2_human___1162,unrelaxed_model_1_multimer_v3_pred_0.pdb,result_model_1_multimer_v3_pred_0.pkl
A,B,0.324,1114,0.088,0.125,0.273,39.12,1,0,/groups/scienceai/kcd635/AF2/predictions/ppi_benchmark/acthr_human___3542,unrelaxed_model_1_multimer_v3_pred_0.pdb,result_model_1_multimer_v3_pred_0.pkl
A,B,0.443,113,0.137,0.155,0.228,35.75,1,0,/groups/scienceai/kcd635/AF2/predictions/ppi_benchmark/nmur2_human___2019,unrelaxed_model_1_multimer_v3_pred_0.pdb,result_model_1_multimer_v3_pred_0.pkl
A,B,0.406,83,0.093,0.125,0.254,36.22,1,0,/groups/scienceai/kcd635/AF2/predictions/ppi_benchmark/ghrhr_human___3542,unrelaxed_model_1_multimer_v3_pred_0.pdb,result_model_1_multimer_v3_pred_0.pkl
A,B,0.302,1037,0.14,0.159,0.234,37.4,1,0,/groups/scienceai/kcd635/AF2/predictions/ppi_benchmark/cxcr3_human___3646,unrelaxed_model_1_multimer_v3_pred_0.pdb,result_model_1_multimer_v3_pred_0.pkl
A,B,0.365,101,0.151,0.165,0.223,37.22,1,0,/groups/scienceai/kcd635/AF2/predictions/ppi_benchmark/ox1r_human___1152,unrelaxed_model_1_multimer_v3_pred_0.pdb,result_model_1_multimer_v3_pred_0.pkl
A,B,0.329,37,0.141,0.165,0.259,38.1,1,0,/groups/scienceai/kcd635/AF2/predictions/ppi_benchmark/nk1r_human___1871,unrelaxed_model_1_multimer_v3_pred_0.pdb,result_model_1_multimer_v3_pred_0.pkl
A,B,0.479,463,0.115,0.136,0.217,34.66,1,0,/groups/scienceai/kcd635/AF2/predictions/ppi_benchmark/trfr_human___1699,unrelaxed_model_1_multimer_v3_pred_0.pdb,result_model_1_multimer_v3_pred_0.pkl
A,B,0.244,137,0.071,0.101,0.219,38.1,1,0,/groups/scienceai/kcd635/AF2/predictions/ppi_benchmark/mrgx2_human___1099,unrelaxed_model_1_multimer_v3_pred_0.pdb,result_model_1_multimer_v3_pred_0.pkl
A,B,0.331,35,0.145,0.168,0.262,37.97,1,0,/groups/scienceai/kcd635/AF2/predictions/ppi_benchmark/nk1r_human___644,unrelaxed_model_1_multimer_v3_pred_0.pdb,result_model_1_multimer_v3_pred_0.pkl
A,B,0.35,30,0.113,0.141,0.252,36.97,1,0,/groups/scienceai/kcd635/AF2/predictions/ppi_benchmark/npy4r_human___1871,unrelaxed_model_1_multimer_v3_pred_0.pdb,result_model_1_multimer_v3_pred_0.pkl
A,B,0.366,32,0.202,0.212,0.255,36.34,1,0,/groups/scienceai/kcd635/AF2/predictions/ppi_benchmark/apj_human___585,unrelaxed_model_1_multimer_v3_pred_0.pdb,result_model_1_multimer_v3_pred_0.pkl
A,B,0.314,34,0.111,0.133,0.22,36.38,1,0,/groups/scienceai/kcd635/AF2/predictions/ppi_benchmark/ackr2_human___1320,unrelaxed_model_1_multimer_v3_pred_0.pdb,result_model_1_multimer_v3_pred_0.pkl
A,B,0.333,37,0.137,0.158,0.242,37.88,1,0,/groups/scienceai/kcd635/AF2/predictions/ppi_benchmark/cxcr4_human___644,unrelaxed_model_1_multimer_v3_pred_0.pdb,result_model_1_multimer_v3_pred_0.pkl
A,B,0.322,32,0.109,0.137,0.25,36.62,1,0,/groups/scienceai/kcd635/AF2/predictions/ppi_benchmark/mc3r_human___3643,unrelaxed_model_1_multimer_v3_pred_0.pdb,result_model_1_multimer_v3_pred_0.pkl
A,B,0.364,39,0.157,0.179,0.27,39.84,1,0,/groups/scienceai/kcd635/AF2/predictions/ppi_benchmark/c5ar1_human___646,unrelaxed_model_1_multimer_v3_pred_0.pdb,result_model_1_multimer_v3_pred_0.pkl
A,B,0.342,41,0.126,0.148,0.235,37.0,1,0,/groups/scienceai/kcd635/AF2/predictions/ppi_benchmark/agtr2_human___582,unrelaxed_model_1_multimer_v3_pred_0.pdb,result_model_1_multimer_v3_pred_0.pkl
A,B,0.325,32,0.099,0.126,0.233,37.84,1,0,/groups/scienceai/kcd635/AF2/predictions/ppi_benchmark/c5ar2_human___2257,unrelaxed_model_1_multimer_v3_pred_0.pdb,result_model_1_multimer_v3_pred_0.pkl
A,B,0.325,34,0.139,0.162,0.25,37.56,1,0,/groups/scienceai/kcd635/AF2/predictions/ppi_benchmark/fpr2_human___613,unrelaxed_model_1_multimer_v3_pred_0.pdb,result_model_1_multimer_v3_pred_0.pkl
A,B,0.288,47,0.206,0.213,0.242,36.56,1,0,/groups/scienceai/kcd635/AF2/predictions/ppi_benchmark/cxcr3_human___2257,unrelaxed_model_1_multimer_v3_pred_0.pdb,result_model_1_multimer_v3_pred_0.pkl
A,B,0.299,51,0.088,0.116,0.229,38.2,1,0,/groups/scienceai/kcd635/AF2/predictions/ppi_benchmark/cx3c1_human___5654,unrelaxed_model_1_multimer_v3_pred_0.pdb,result_model_1_multimer_v3_pred_0.pkl
A,B,0.311,47,0.106,0.136,0.257,38.1,1,0,/groups/scienceai/kcd635/AF2/predictions/ppi_benchmark/npbw2_human___5654,unrelaxed_model_1_multimer_v3_pred_0.pdb,result_model_1_multimer_v3_pred_0.pkl
A,B,0.452,265,0.156,0.167,0.21,37.0,1,0,/groups/scienceai/kcd635/AF2/predictions/ppi_benchmark/fpr1_human___1047,unrelaxed_model_1_multimer_v3_pred_0.pdb,result_model_1_multimer_v3_pred_0.pkl
A,B,0.53,471,0.112,0.14,0.254,38.7,1,0,/groups/scienceai/kcd635/AF2/predictions/ppi_benchmark/nk1r_human___1514,unrelaxed_model_1_multimer_v3_pred_0.pdb,result_model_1_multimer_v3_pred_0.pkl
A,B,0.479,446,0.105,0.132,0.24,36.34,1,0,/groups/scienceai/kcd635/AF2/predictions/ppi_benchmark/nk1r_human___771,unrelaxed_model_1_multimer_v3_pred_0.pdb,result_model_1_multimer_v3_pred_0.pkl
A,B,0.342,31,0.13,0.156,0.26,36.03,1,0,/groups/scienceai/kcd635/AF2/predictions/ppi_benchmark/gpr39_human___2089,unrelaxed_model_1_multimer_v3_pred_0.pdb,result_model_1_multimer_v3_pred_0.pkl
A,B,0.42,427,0.08,0.115,0.255,38.62,1,0,/groups/scienceai/kcd635/AF2/predictions/ppi_benchmark/npbw1_human___3633,unrelaxed_model_1_multimer_v3_pred_0.pdb,result_model_1_multimer_v3_pred_0.pkl
A,B,0.361,32,0.121,0.149,0.26,37.8,1,0,/groups/scienceai/kcd635/AF2/predictions/ppi_benchmark/pkr2_human___1681,unrelaxed_model_1_multimer_v3_pred_0.pdb,result_model_1_multimer_v3_pred_0.pkl
A,B,0.35,35,0.13,0.146,0.211,34.34,1,0,/groups/scienceai/kcd635/AF2/predictions/ppi_benchmark/c3ar_human___2019,unrelaxed_model_1_multimer_v3_pred_0.pdb,result_model_1_multimer_v3_pred_0.pkl
A,B,0.347,925,0.116,0.143,0.25,40.6,1,0,/groups/scienceai/kcd635/AF2/predictions/ppi_benchmark/gipr_human___1790,unrelaxed_model_1_multimer_v3_pred_0.pdb,result_model_1_multimer_v3_pred_0.pkl
A,B,0.311,43,0.116,0.138,0.228,37.62,1,0,/groups/scienceai/kcd635/AF2/predictions/ppi_benchmark/mrgx2_human___4058,unrelaxed_model_1_multimer_v3_pred_0.pdb,result_model_1_multimer_v3_pred_0.pkl
A,B,0.33,420,0.196,0.217,0.301,38.78,1,0,/groups/scienceai/kcd635/AF2/predictions/ppi_benchmark/agtr1_human___758,unrelaxed_model_1_multimer_v3_pred_0.pdb,result_model_1_multimer_v3_pred_0.pkl
A,B,0.315,44,0.103,0.131,0.242,36.2,1,0,/groups/scienceai/kcd635/AF2/predictions/ppi_benchmark/c5ar2_human___1047,unrelaxed_model_1_multimer_v3_pred_0.pdb,result_model_1_multimer_v3_pred_0.pkl
A,B,0.287,182,0.115,0.138,0.231,37.6,1,0,/groups/scienceai/kcd635/AF2/predictions/ppi_benchmark/npy4r_human___1514,unrelaxed_model_1_multimer_v3_pred_0.pdb,result_model_1_multimer_v3_pred_0.pkl
A,B,0.444,502,0.121,0.144,0.236,35.3,1,0,/groups/scienceai/kcd635/AF2/predictions/ppi_benchmark/apj_human___3542,unrelaxed_model_1_multimer_v3_pred_0.pdb,result_model_1_multimer_v3_pred_0.pkl
A,B,0.316,32,0.098,0.134,0.275,40.0,1,0,/groups/scienceai/kcd635/AF2/predictions/ppi_benchmark/ghsr_human___1458,unrelaxed_model_1_multimer_v3_pred_0.pdb,result_model_1_multimer_v3_pred_0.pkl
A,B,0.34,40,0.098,0.12,0.207,34.53,1,0,/groups/scienceai/kcd635/AF2/predictions/ppi_benchmark/vipr1_human___1504,unrelaxed_model_1_multimer_v3_pred_0.pdb,result_model_1_multimer_v3_pred_0.pkl
A,B,0.407,116,0.152,0.171,0.247,36.94,1,0,/groups/scienceai/kcd635/AF2/predictions/ppi_benchmark/vipr2_human___921,unrelaxed_model_1_multimer_v3_pred_0.pdb,result_model_1_multimer_v3_pred_0.pkl
A,B,0.364,67,0.115,0.13,0.188,36.38,1,0,/groups/scienceai/kcd635/AF2/predictions/ppi_benchmark/pacr_human___1579,unrelaxed_model_1_multimer_v3_pred_0.pdb,result_model_1_multimer_v3_pred_0.pkl
A,B,0.394,141,0.104,0.127,0.219,35.8,1,0,/groups/scienceai/kcd635/AF2/predictions/ppi_benchmark/sctr_human___1136,unrelaxed_model_1_multimer_v3_pred_0.pdb,result_model_1_multimer_v3_pred_0.pkl
A,B,0.283,45,0.092,0.131,0.286,39.88,1,0,/groups/scienceai/kcd635/AF2/predictions/ppi_benchmark/acthr_human___4057,unrelaxed_model_1_multimer_v3_pred_0.pdb,result_model_1_multimer_v3_pred_0.pkl
A,B,0.25,175,0.092,0.117,0.22,36.5,1,0,/groups/scienceai/kcd635/AF2/predictions/ppi_benchmark/ccr4_human___3542,unrelaxed_model_1_multimer_v3_pred_0.pdb,result_model_1_multimer_v3_pred_0.pkl
A,B,0.252,658,0.11,0.131,0.217,37.47,1,0,/groups/scienceai/kcd635/AF2/predictions/ppi_benchmark/gipr_human___1140,unrelaxed_model_1_multimer_v3_pred_0.pdb,result_model_1_multimer_v3_pred_0.pkl
A,B,0.322,42,0.07,0.107,0.257,38.75,1,0,/groups/scienceai/kcd635/AF2/predictions/ppi_benchmark/npbw2_human___644,unrelaxed_model_1_multimer_v3_pred_0.pdb,result_model_1_multimer_v3_pred_0.pkl
A,B,0.259,61,0.13,0.15,0.228,36.03,1,0,/groups/scienceai/kcd635/AF2/predictions/ppi_benchmark/glp1r_human___1152,unrelaxed_model_1_multimer_v3_pred_0.pdb,result_model_1_multimer_v3_pred_0.pkl
A,B,0.357,29,0.284,0.274,0.233,36.66,1,0,/groups/scienceai/kcd635/AF2/predictions/ppi_benchmark/cxcr2_human___921,unrelaxed_model_1_multimer_v3_pred_0.pdb,result_model_1_multimer_v3_pred_0.pkl
A,B,0.281,115,0.126,0.155,0.269,37.6,1,0,/groups/scienceai/kcd635/AF2/predictions/ppi_benchmark/nk2r_human___612,unrelaxed_model_1_multimer_v3_pred_0.pdb,result_model_1_multimer_v3_pred_0.pkl
A,B,0.363,35,0.168,0.191,0.282,38.94,1,0,/groups/scienceai/kcd635/AF2/predictions/ppi_benchmark/npbw1_human___646,unrelaxed_model_1_multimer_v3_pred_0.pdb,result_model_1_multimer_v3_pred_0.pkl
A,B,0.473,147,0.102,0.132,0.251,41.88,1,0,/groups/scienceai/kcd635/AF2/predictions/ppi_benchmark/mshr_human___574,unrelaxed_model_1_multimer_v3_pred_0.pdb,result_model_1_multimer_v3_pred_0.pkl
A,B,0.376,41,0.096,0.127,0.254,38.97,1,0,/groups/scienceai/kcd635/AF2/predictions/ppi_benchmark/mshr_human___5654,unrelaxed_model_1_multimer_v3_pred_0.pdb,result_model_1_multimer_v3_pred_0.pkl
A,B,0.34,30,0.168,0.18,0.226,36.0,1,0,/groups/scienceai/kcd635/AF2/predictions/ppi_benchmark/cxcr3_human___1790,unrelaxed_model_1_multimer_v3_pred_0.pdb,result_model_1_multimer_v3_pred_0.pkl
A,B,0.156,658,0.109,0.137,0.248,36.88,1,0,/groups/scienceai/kcd635/AF2/predictions/ppi_benchmark/xcr1_human___754,unrelaxed_model_1_multimer_v3_pred_0.pdb,result_model_1_multimer_v3_pred_0.pkl
A,B,0.269,76,0.111,0.133,0.221,35.56,1,0,/groups/scienceai/kcd635/AF2/predictions/ppi_benchmark/rl3r1_human___687,unrelaxed_model_1_multimer_v3_pred_0.pdb,result_model_1_multimer_v3_pred_0.pkl
A,B,0.368,82,0.088,0.121,0.252,37.94,1,0,/groups/scienceai/kcd635/AF2/predictions/ppi_benchmark/oprx_human___5654,unrelaxed_model_1_multimer_v3_pred_0.pdb,result_model_1_multimer_v3_pred_0.pkl
A,B,0.323,113,0.098,0.135,0.283,39.0,1,0,/groups/scienceai/kcd635/AF2/predictions/ppi_benchmark/mshr_human___1643,unrelaxed_model_1_multimer_v3_pred_0.pdb,result_model_1_multimer_v3_pred_0.pkl
A,B,0.515,590,0.099,0.124,0.222,36.8,1,0,/groups/scienceai/kcd635/AF2/predictions/ppi_benchmark/cxcr6_human___817,unrelaxed_model_1_multimer_v3_pred_0.pdb,result_model_1_multimer_v3_pred_0.pkl
A,B,0.308,36,0.087,0.116,0.233,36.66,1,0,/groups/scienceai/kcd635/AF2/predictions/ppi_benchmark/oprx_human___1643,unrelaxed_model_1_multimer_v3_pred_0.pdb,result_model_1_multimer_v3_pred_0.pkl
A,B,0.373,33,0.121,0.141,0.221,36.47,1,0,/groups/scienceai/kcd635/AF2/predictions/ppi_benchmark/ccr9_human___2168,unrelaxed_model_1_multimer_v3_pred_0.pdb,result_model_1_multimer_v3_pred_0.pkl
A,B,0.218,3411,0.096,0.148,0.355,45.28,1,0,/groups/scienceai/kcd635/AF2/predictions/ppi_benchmark/hrh4_human___1099,unrelaxed_model_1_multimer_v3_pred_0.pdb,result_model_1_multimer_v3_pred_0.pkl
A,B,0.231,176,0.113,0.14,0.246,35.8,1,0,/groups/scienceai/kcd635/AF2/predictions/ppi_benchmark/ccr5_human___754,unrelaxed_model_1_multimer_v3_pred_0.pdb,result_model_1_multimer_v3_pred_0.pkl
A,B,0.34,452,0.115,0.146,0.272,37.94,1,0,/groups/scienceai/kcd635/AF2/predictions/ppi_benchmark/galr3_human___3594,unrelaxed_model_1_multimer_v3_pred_0.pdb,result_model_1_multimer_v3_pred_0.pkl
A,B,0.356,31,0.102,0.128,0.235,35.44,1,0,/groups/scienceai/kcd635/AF2/predictions/ppi_benchmark/gasr_human___1504,unrelaxed_model_1_multimer_v3_pred_0.pdb,result_model_1_multimer_v3_pred_0.pkl
A,B,0.342,2122,0.087,0.121,0.258,37.94,1,0,/groups/scienceai/kcd635/AF2/predictions/ppi_benchmark/hrh4_human___3633,unrelaxed_model_1_multimer_v3_pred_0.pdb,result_model_1_multimer_v3_pred_0.pkl
A,B,0.335,214,0.108,0.142,0.282,41.2,1,0,/groups/scienceai/kcd635/AF2/predictions/ppi_benchmark/mrgx1_human___6067,unrelaxed_model_1_multimer_v3_pred_0.pdb,result_model_1_multimer_v3_pred_0.pkl
A,B,0.292,59,0.115,0.142,0.249,35.12,1,0,/groups/scienceai/kcd635/AF2/predictions/ppi_benchmark/ccr2_human___1047,unrelaxed_model_1_multimer_v3_pred_0.pdb,result_model_1_multimer_v3_pred_0.pkl
A,B,0.377,30,0.094,0.119,0.216,34.16,1,0,/groups/scienceai/kcd635/AF2/predictions/ppi_benchmark/oprk_human___3542,unrelaxed_model_1_multimer_v3_pred_0.pdb,result_model_1_multimer_v3_pred_0.pkl
A,B,0.358,32,0.11,0.145,0.284,40.47,1,0,/groups/scienceai/kcd635/AF2/predictions/ppi_benchmark/prlhr_human___1504,unrelaxed_model_1_multimer_v3_pred_0.pdb,result_model_1_multimer_v3_pred_0.pkl
A,B,0.251,81,0.106,0.13,0.226,35.4,1,0,/groups/scienceai/kcd635/AF2/predictions/ppi_benchmark/npff1_human___1790,unrelaxed_model_1_multimer_v3_pred_0.pdb,result_model_1_multimer_v3_pred_0.pkl
A,B,0.493,628,0.128,0.156,0.268,38.25,1,0,/groups/scienceai/kcd635/AF2/predictions/ppi_benchmark/mrgx1_human___687,unrelaxed_model_1_multimer_v3_pred_0.pdb,result_model_1_multimer_v3_pred_0.pkl
A,B,0.268,313,0.104,0.138,0.276,41.2,1,0,/groups/scienceai/kcd635/AF2/predictions/ppi_benchmark/fpr2_human___574,unrelaxed_model_1_multimer_v3_pred_0.pdb,result_model_1_multimer_v3_pred_0.pkl
A,B,0.397,41,0.116,0.141,0.242,36.16,1,0,/groups/scienceai/kcd635/AF2/predictions/ppi_benchmark/par4_human___1458,unrelaxed_model_1_multimer_v3_pred_0.pdb,result_model_1_multimer_v3_pred_0.pkl
A,B,0.366,210,0.167,0.18,0.234,35.9,1,0,/groups/scienceai/kcd635/AF2/predictions/ppi_benchmark/qrfpr_human___3542,unrelaxed_model_1_multimer_v3_pred_0.pdb,result_model_1_multimer_v3_pred_0.pkl
A,B,0.297,180,0.112,0.13,0.203,36.6,1,0,/groups/scienceai/kcd635/AF2/predictions/ppi_benchmark/cxcr1_human___1790,unrelaxed_model_1_multimer_v3_pred_0.pdb,result_model_1_multimer_v3_pred_0.pkl
A,B,0.288,284,0.142,0.166,0.263,39.06,1,0,/groups/scienceai/kcd635/AF2/predictions/ppi_benchmark/ghsr_human___758,unrelaxed_model_1_multimer_v3_pred_0.pdb,result_model_1_multimer_v3_pred_0.pkl
A,B,0.342,33,0.12,0.151,0.272,38.3,1,0,/groups/scienceai/kcd635/AF2/predictions/ppi_benchmark/nk2r_human___2089,unrelaxed_model_1_multimer_v3_pred_0.pdb,result_model_1_multimer_v3_pred_0.pkl
A,B,0.38,153,0.102,0.121,0.196,36.28,1,0,/groups/scienceai/kcd635/AF2/predictions/ppi_benchmark/npy2r_human___2270,unrelaxed_model_1_multimer_v3_pred_0.pdb,result_model_1_multimer_v3_pred_0.pkl
A,B,0.368,34,0.135,0.158,0.25,36.75,1,0,/groups/scienceai/kcd635/AF2/predictions/ppi_benchmark/ntr1_human___1579,unrelaxed_model_1_multimer_v3_pred_0.pdb,result_model_1_multimer_v3_pred_0.pkl
A,B,0.336,31,0.126,0.149,0.245,37.25,1,0,/groups/scienceai/kcd635/AF2/predictions/ppi_benchmark/mc3r_human___1997,unrelaxed_model_1_multimer_v3_pred_0.pdb,result_model_1_multimer_v3_pred_0.pkl
A,B,0.448,255,0.09,0.12,0.241,34.5,1,0,/groups/scienceai/kcd635/AF2/predictions/ppi_benchmark/pkr2_human___1867,unrelaxed_model_1_multimer_v3_pred_0.pdb,result_model_1_multimer_v3_pred_0.pkl
A,B,0.387,97,0.128,0.149,0.235,39.06,1,0,/groups/scienceai/kcd635/AF2/predictions/ppi_benchmark/gnrhr_human___2019,unrelaxed_model_1_multimer_v3_pred_0.pdb,result_model_1_multimer_v3_pred_0.pkl
A,B,0.356,70,0.108,0.133,0.236,35.8,1,0,/groups/scienceai/kcd635/AF2/predictions/ppi_benchmark/npy1r_human___1871,unrelaxed_model_1_multimer_v3_pred_0.pdb,result_model_1_multimer_v3_pred_0.pkl
A,B,0.349,37,0.131,0.15,0.227,36.53,1,0,/groups/scienceai/kcd635/AF2/predictions/ppi_benchmark/ssr5_human___1157,unrelaxed_model_1_multimer_v3_pred_0.pdb,result_model_1_multimer_v3_pred_0.pkl
A,B,0.357,33,0.11,0.141,0.269,38.72,1,0,/groups/scienceai/kcd635/AF2/predictions/ppi_benchmark/ackr3_human___2257,unrelaxed_model_1_multimer_v3_pred_0.pdb,result_model_1_multimer_v3_pred_0.pkl
A,B,0.35,37,0.122,0.149,0.256,38.06,1,0,/groups/scienceai/kcd635/AF2/predictions/ppi_benchmark/galr1_human___11417,unrelaxed_model_1_multimer_v3_pred_0.pdb,result_model_1_multimer_v3_pred_0.pkl
A,B,0.341,31,0.12,0.147,0.253,39.5,1,0,/groups/scienceai/kcd635/AF2/predictions/ppi_benchmark/oprd_human___921,unrelaxed_model_1_multimer_v3_pred_0.pdb,result_model_1_multimer_v3_pred_0.pkl
A,B,0.372,92,0.108,0.13,0.218,36.47,1,0,/groups/scienceai/kcd635/AF2/predictions/ppi_benchmark/ccr6_human___687,unrelaxed_model_1_multimer_v3_pred_0.pdb,result_model_1_multimer_v3_pred_0.pkl
A,B,0.479,350,0.094,0.128,0.264,36.84,1,0,/groups/scienceai/kcd635/AF2/predictions/ppi_benchmark/cml2_human___687,unrelaxed_model_1_multimer_v3_pred_0.pdb,result_model_1_multimer_v3_pred_0.pkl
A,B,0.359,31,0.103,0.128,0.224,35.3,1,0,/groups/scienceai/kcd635/AF2/predictions/ppi_benchmark/nmbr_human___3935,unrelaxed_model_1_multimer_v3_pred_0.pdb,result_model_1_multimer_v3_pred_0.pkl
A,B,0.303,156,0.153,0.176,0.269,37.62,1,0,/groups/scienceai/kcd635/AF2/predictions/ppi_benchmark/nk1r_human___612,unrelaxed_model_1_multimer_v3_pred_0.pdb,result_model_1_multimer_v3_pred_0.pkl
A,B,0.423,441,0.104,0.131,0.235,38.84,1,0,/groups/scienceai/kcd635/AF2/predictions/ppi_benchmark/gipr_human___1320,unrelaxed_model_1_multimer_v3_pred_0.pdb,result_model_1_multimer_v3_pred_0.pkl
A,B,0.357,37,0.104,0.127,0.217,35.34,1,0,/groups/scienceai/kcd635/AF2/predictions/ppi_benchmark/oprk_human___921,unrelaxed_model_1_multimer_v3_pred_0.pdb,result_model_1_multimer_v3_pred_0.pkl
A,B,0.278,89,0.17,0.182,0.231,35.8,1,0,/groups/scienceai/kcd635/AF2/predictions/ppi_benchmark/npy4r_human___1140,unrelaxed_model_1_multimer_v3_pred_0.pdb,result_model_1_multimer_v3_pred_0.pkl
A,B,0.331,42,0.137,0.159,0.247,37.44,1,0,/groups/scienceai/kcd635/AF2/predictions/ppi_benchmark/agtr2_human___644,unrelaxed_model_1_multimer_v3_pred_0.pdb,result_model_1_multimer_v3_pred_0.pkl
A,B,0.359,32,0.132,0.157,0.26,37.78,1,0,/groups/scienceai/kcd635/AF2/predictions/ppi_benchmark/npbw2_human___6067,unrelaxed_model_1_multimer_v3_pred_0.pdb,result_model_1_multimer_v3_pred_0.pkl
A,B,0.4,103,0.235,0.25,0.311,41.3,1,0,/groups/scienceai/kcd635/AF2/predictions/ppi_benchmark/agtr1_human___646,unrelaxed_model_1_multimer_v3_pred_0.pdb,result_model_1_multimer_v3_pred_0.pkl
A,B,0.33,52,0.158,0.178,0.257,36.06,1,0,/groups/scienceai/kcd635/AF2/predictions/ppi_benchmark/calrl_human___3935,unrelaxed_model_1_multimer_v3_pred_0.pdb,result_model_1_multimer_v3_pred_0.pkl
A,B,0.371,33,0.122,0.148,0.253,37.16,1,0,/groups/scienceai/kcd635/AF2/predictions/ppi_benchmark/npsr1_human___1470,unrelaxed_model_1_multimer_v3_pred_0.pdb,result_model_1_multimer_v3_pred_0.pkl
A,B,0.268,79,0.122,0.148,0.249,36.62,1,0,/groups/scienceai/kcd635/AF2/predictions/ppi_benchmark/v2r_human___3592,unrelaxed_model_1_multimer_v3_pred_0.pdb,result_model_1_multimer_v3_pred_0.pkl
A,B,0.32,36,0.145,0.16,0.224,37.66,1,0,/groups/scienceai/kcd635/AF2/predictions/ppi_benchmark/mrgx2_human___5654,unrelaxed_model_1_multimer_v3_pred_0.pdb,result_model_1_multimer_v3_pred_0.pkl
A,B,0.444,392,0.104,0.132,0.245,36.84,1,0,/groups/scienceai/kcd635/AF2/predictions/ppi_benchmark/cxcr4_human___3542,unrelaxed_model_1_multimer_v3_pred_0.pdb,result_model_1_multimer_v3_pred_0.pkl
A,B,0.207,182,0.122,0.145,0.237,37.97,1,0,/groups/scienceai/kcd635/AF2/predictions/ppi_benchmark/ccr10_human___810,unrelaxed_model_1_multimer_v3_pred_0.pdb,result_model_1_multimer_v3_pred_0.pkl
A,B,0.495,269,0.097,0.121,0.215,38.03,1,0,/groups/scienceai/kcd635/AF2/predictions/ppi_benchmark/ccr8_human___821,unrelaxed_model_1_multimer_v3_pred_0.pdb,result_model_1_multimer_v3_pred_0.pkl
A,B,0.324,118,0.096,0.131,0.273,36.75,1,0,/groups/scienceai/kcd635/AF2/predictions/ppi_benchmark/v1br_human___1643,unrelaxed_model_1_multimer_v3_pred_0.pdb,result_model_1_multimer_v3_pred_0.pkl
A,B,0.366,38,0.167,0.181,0.236,36.6,1,0,/groups/scienceai/kcd635/AF2/predictions/ppi_benchmark/ssr4_human___1157,unrelaxed_model_1_multimer_v3_pred_0.pdb,result_model_1_multimer_v3_pred_0.pkl
A,B,0.294,269,0.119,0.141,0.229,36.75,1,0,/groups/scienceai/kcd635/AF2/predictions/ppi_benchmark/ccr3_human___1790,unrelaxed_model_1_multimer_v3_pred_0.pdb,result_model_1_multimer_v3_pred_0.pkl
A,B,0.328,38,0.175,0.202,0.308,39.1,1,0,/groups/scienceai/kcd635/AF2/predictions/ppi_benchmark/v1ar_human___2168,unrelaxed_model_1_multimer_v3_pred_0.pdb,result_model_1_multimer_v3_pred_0.pkl
A,B,0.34,30,0.133,0.158,0.261,37.38,1,0,/groups/scienceai/kcd635/AF2/predictions/ppi_benchmark/gpr39_human___864,unrelaxed_model_1_multimer_v3_pred_0.pdb,result_model_1_multimer_v3_pred_0.pkl
A,B,0.294,85,0.109,0.135,0.237,37.9,1,0,/groups/scienceai/kcd635/AF2/predictions/ppi_benchmark/cxcr6_human___798,unrelaxed_model_1_multimer_v3_pred_0.pdb,result_model_1_multimer_v3_pred_0.pkl
A,B,0.513,452,0.099,0.124,0.223,36.72,1,0,/groups/scienceai/kcd635/AF2/predictions/ppi_benchmark/fpr2_human___1140,unrelaxed_model_1_multimer_v3_pred_0.pdb,result_model_1_multimer_v3_pred_0.pkl
A,B,0.34,30,0.093,0.124,0.25,36.9,1,0,/groups/scienceai/kcd635/AF2/predictions/ppi_benchmark/nmbr_human___1152,unrelaxed_model_1_multimer_v3_pred_0.pdb,result_model_1_multimer_v3_pred_0.pkl
A,B,0.277,70,0.11,0.132,0.218,34.9,1,0,/groups/scienceai/kcd635/AF2/predictions/ppi_benchmark/glp1r_human___1136,unrelaxed_model_1_multimer_v3_pred_0.pdb,result_model_1_multimer_v3_pred_0.pkl
A,B,0.295,62,0.119,0.147,0.259,35.78,1,0,/groups/scienceai/kcd635/AF2/predictions/ppi_benchmark/calrl_human___681,unrelaxed_model_1_multimer_v3_pred_0.pdb,result_model_1_multimer_v3_pred_0.pkl
A,B,0.346,41,0.149,0.168,0.241,38.44,1,0,/groups/scienceai/kcd635/AF2/predictions/ppi_benchmark/ssr5_human___646,unrelaxed_model_1_multimer_v3_pred_0.pdb,result_model_1_multimer_v3_pred_0.pkl
A,B,0.377,294,0.132,0.153,0.236,35.97,1,0,/groups/scienceai/kcd635/AF2/predictions/ppi_benchmark/fpr2_human___1047,unrelaxed_model_1_multimer_v3_pred_0.pdb,result_model_1_multimer_v3_pred_0.pkl
A,B,0.318,67,0.104,0.127,0.219,37.06,1,0,/groups/scienceai/kcd635/AF2/predictions/ppi_benchmark/sctr_human___1152,unrelaxed_model_1_multimer_v3_pred_0.pdb,result_model_1_multimer_v3_pred_0.pkl
A,B,0.499,430,0.112,0.139,0.246,36.47,1,0,/groups/scienceai/kcd635/AF2/predictions/ppi_benchmark/nk2r_human___771,unrelaxed_model_1_multimer_v3_pred_0.pdb,result_model_1_multimer_v3_pred_0.pkl
A,B,0.305,328,0.127,0.148,0.229,35.84,1,0,/groups/scienceai/kcd635/AF2/predictions/ppi_benchmark/ccr1_human___776,unrelaxed_model_1_multimer_v3_pred_0.pdb,result_model_1_multimer_v3_pred_0.pkl
A,B,0.24,285,0.13,0.149,0.228,36.1,1,0,/groups/scienceai/kcd635/AF2/predictions/ppi_benchmark/ccr1_human___798,unrelaxed_model_1_multimer_v3_pred_0.pdb,result_model_1_multimer_v3_pred_0.pkl
A,B,0.356,34,0.126,0.154,0.266,35.88,1,0,/groups/scienceai/kcd635/AF2/predictions/ppi_benchmark/pkr1_human___1681,unrelaxed_model_1_multimer_v3_pred_0.pdb,result_model_1_multimer_v3_pred_0.pkl
A,B,0.338,37,0.115,0.143,0.256,36.06,1,0,/groups/scienceai/kcd635/AF2/predictions/ppi_benchmark/calrl_human___1152,unrelaxed_model_1_multimer_v3_pred_0.pdb,result_model_1_multimer_v3_pred_0.pkl
A,B,0.261,52,0.115,0.152,0.297,41.88,1,0,/groups/scienceai/kcd635/AF2/predictions/ppi_benchmark/mrgx1_human___4058,unrelaxed_model_1_multimer_v3_pred_0.pdb,result_model_1_multimer_v3_pred_0.pkl
A,B,0.36,28,0.093,0.117,0.213,37.62,1,0,/groups/scienceai/kcd635/AF2/predictions/ppi_benchmark/gnrhr_human___3643,unrelaxed_model_1_multimer_v3_pred_0.pdb,result_model_1_multimer_v3_pred_0.pkl
A,B,0.48,361,0.085,0.109,0.207,35.12,1,0,/groups/scienceai/kcd635/AF2/predictions/ppi_benchmark/cxcr1_human___3542,unrelaxed_model_1_multimer_v3_pred_0.pdb,result_model_1_multimer_v3_pred_0.pkl
A,B,0.302,44,0.213,0.217,0.234,37.1,1,0,/groups/scienceai/kcd635/AF2/predictions/ppi_benchmark/qrfpr_human___1790,unrelaxed_model_1_multimer_v3_pred_0.pdb,result_model_1_multimer_v3_pred_0.pkl
A,B,0.302,30,0.09,0.132,0.304,40.62,1,0,/groups/scienceai/kcd635/AF2/predictions/ppi_benchmark/nmur1_human___1099,unrelaxed_model_1_multimer_v3_pred_0.pdb,result_model_1_multimer_v3_pred_0.pkl
A,B,0.346,104,0.136,0.155,0.231,37.4,1,0,/groups/scienceai/kcd635/AF2/predictions/ppi_benchmark/rl3r1_human___1004,unrelaxed_model_1_multimer_v3_pred_0.pdb,result_model_1_multimer_v3_pred_0.pkl
A,B,0.351,46,0.137,0.157,0.238,34.62,1,0,/groups/scienceai/kcd635/AF2/predictions/ppi_benchmark/ssr1_human___1157,unrelaxed_model_1_multimer_v3_pred_0.pdb,result_model_1_multimer_v3_pred_0.pkl
A,B,0.323,34,0.099,0.131,0.257,37.03,1,0,/groups/scienceai/kcd635/AF2/predictions/ppi_benchmark/nk2r_human___5336,unrelaxed_model_1_multimer_v3_pred_0.pdb,result_model_1_multimer_v3_pred_0.pkl
A,B,0.156,570,0.091,0.122,0.242,36.72,1,0,/groups/scienceai/kcd635/AF2/predictions/ppi_benchmark/mc4r_human___812,unrelaxed_model_1_multimer_v3_pred_0.pdb,result_model_1_multimer_v3_pred_0.pkl
A,B,0.356,34,0.147,0.17,0.262,38.97,1,0,/groups/scienceai/kcd635/AF2/predictions/ppi_benchmark/mshr_human___2019,unrelaxed_model_1_multimer_v3_pred_0.pdb,result_model_1_multimer_v3_pred_0.pkl
A,B,0.345,175,0.177,0.208,0.333,43.9,1,0,/groups/scienceai/kcd635/AF2/predictions/ppi_benchmark/hrh4_human___644,unrelaxed_model_1_multimer_v3_pred_0.pdb,result_model_1_multimer_v3_pred_0.pkl
A,B,0.453,21,0.097,0.121,0.216,35.1,1,0,/groups/scienceai/kcd635/AF2/predictions/ppi_benchmark/trfr_human___2139,unrelaxed_model_1_multimer_v3_pred_0.pdb,result_model_1_multimer_v3_pred_0.pkl
A,B,0.477,307,0.12,0.139,0.217,35.5,1,0,/groups/scienceai/kcd635/AF2/predictions/ppi_benchmark/ccr1_human___771,unrelaxed_model_1_multimer_v3_pred_0.pdb,result_model_1_multimer_v3_pred_0.pkl
A,B,0.233,72,0.152,0.166,0.221,36.78,1,0,/groups/scienceai/kcd635/AF2/predictions/ppi_benchmark/ox2r_human___1140,unrelaxed_model_1_multimer_v3_pred_0.pdb,result_model_1_multimer_v3_pred_0.pkl
A,B,0.219,357,0.088,0.118,0.238,34.1,1,0,/groups/scienceai/kcd635/AF2/predictions/ppi_benchmark/fpr3_human___3542,unrelaxed_model_1_multimer_v3_pred_0.pdb,result_model_1_multimer_v3_pred_0.pkl
A,B,0.34,35,0.146,0.164,0.235,36.62,1,0,/groups/scienceai/kcd635/AF2/predictions/ppi_benchmark/mchr1_human___1157,unrelaxed_model_1_multimer_v3_pred_0.pdb,result_model_1_multimer_v3_pred_0.pkl
A,B,0.335,36,0.135,0.151,0.212,34.06,1,0,/groups/scienceai/kcd635/AF2/predictions/ppi_benchmark/c3ar_human___5654,unrelaxed_model_1_multimer_v3_pred_0.pdb,result_model_1_multimer_v3_pred_0.pkl
A,B,0.368,562,0.131,0.158,0.266,36.2,1,0,/groups/scienceai/kcd635/AF2/predictions/ppi_benchmark/gpr39_human___1152,unrelaxed_model_1_multimer_v3_pred_0.pdb,result_model_1_multimer_v3_pred_0.pkl
A,B,0.3,38,0.146,0.165,0.242,37.53,1,0,/groups/scienceai/kcd635/AF2/predictions/ppi_benchmark/cxcr6_human___1320,unrelaxed_model_1_multimer_v3_pred_0.pdb,result_model_1_multimer_v3_pred_0.pkl
A,B,0.211,1174,0.117,0.147,0.266,40.53,1,0,/groups/scienceai/kcd635/AF2/predictions/ppi_benchmark/ghsr_human___1272,unrelaxed_model_1_multimer_v3_pred_0.pdb,result_model_1_multimer_v3_pred_0.pkl
A,B,0.294,59,0.107,0.133,0.236,37.53,1,0,/groups/scienceai/kcd635/AF2/predictions/ppi_benchmark/ccr10_human___1643,unrelaxed_model_1_multimer_v3_pred_0.pdb,result_model_1_multimer_v3_pred_0.pkl
A,B,0.394,116,0.109,0.145,0.285,39.12,1,0,/groups/scienceai/kcd635/AF2/predictions/ppi_benchmark/acthr_human___1320,unrelaxed_model_1_multimer_v3_pred_0.pdb,result_model_1_multimer_v3_pred_0.pkl
A,B,0.285,106,0.107,0.132,0.232,37.47,1,0,/groups/scienceai/kcd635/AF2/predictions/ppi_benchmark/ntr2_human___1458,unrelaxed_model_1_multimer_v3_pred_0.pdb,result_model_1_multimer_v3_pred_0.pkl
A,B,0.543,373,0.121,0.14,0.217,36.16,1,0,/groups/scienceai/kcd635/AF2/predictions/ppi_benchmark/ackr1_human___758,unrelaxed_model_1_multimer_v3_pred_0.pdb,result_model_1_multimer_v3_pred_0.pkl
A,B,0.246,109,0.115,0.141,0.242,36.4,1,0,/groups/scienceai/kcd635/AF2/predictions/ppi_benchmark/crfr2_human___1867,unrelaxed_model_1_multimer_v3_pred_0.pdb,result_model_1_multimer_v3_pred_0.pkl
A,B,0.288,64,0.237,0.236,0.233,36.6,1,0,/groups/scienceai/kcd635/AF2/predictions/ppi_benchmark/qrfpr_human___1140,unrelaxed_model_1_multimer_v3_pred_0.pdb,result_model_1_multimer_v3_pred_0.pkl
A,B,0.265,45,0.133,0.157,0.251,37.56,1,0,/groups/scienceai/kcd635/AF2/predictions/ppi_benchmark/crfr2_human___3643,unrelaxed_model_1_multimer_v3_pred_0.pdb,result_model_1_multimer_v3_pred_0.pkl
A,B,0.298,37,0.161,0.175,0.23,36.28,1,0,/groups/scienceai/kcd635/AF2/predictions/ppi_benchmark/npy5r_human___3643,unrelaxed_model_1_multimer_v3_pred_0.pdb,result_model_1_multimer_v3_pred_0.pkl
A,B,0.331,32,0.118,0.142,0.241,37.88,1,0,/groups/scienceai/kcd635/AF2/predictions/ppi_benchmark/pkr2_human___989,unrelaxed_model_1_multimer_v3_pred_0.pdb,result_model_1_multimer_v3_pred_0.pkl
A,B,0.367,31,0.145,0.166,0.25,37.78,1,0,/groups/scienceai/kcd635/AF2/predictions/ppi_benchmark/cml1_human___1479,unrelaxed_model_1_multimer_v3_pred_0.pdb,result_model_1_multimer_v3_pred_0.pkl
A,B,0.216,62,0.158,0.168,0.21,36.06,1,0,/groups/scienceai/kcd635/AF2/predictions/ppi_benchmark/cxcr1_human___808,unrelaxed_model_1_multimer_v3_pred_0.pdb,result_model_1_multimer_v3_pred_0.pkl
A,B,0.272,63,0.099,0.124,0.223,37.03,1,0,/groups/scienceai/kcd635/AF2/predictions/ppi_benchmark/ccr6_human___2257,unrelaxed_model_1_multimer_v3_pred_0.pdb,result_model_1_multimer_v3_pred_0.pkl
A,B,0.337,38,0.135,0.156,0.239,36.1,1,0,/groups/scienceai/kcd635/AF2/predictions/ppi_benchmark/ccr1_human___644,unrelaxed_model_1_multimer_v3_pred_0.pdb,result_model_1_multimer_v3_pred_0.pkl
A,B,0.336,32,0.149,0.177,0.285,40.53,1,0,/groups/scienceai/kcd635/AF2/predictions/ppi_benchmark/ghsr_human___1579,unrelaxed_model_1_multimer_v3_pred_0.pdb,result_model_1_multimer_v3_pred_0.pkl
A,B,0.369,29,0.217,0.231,0.287,37.44,1,0,/groups/scienceai/kcd635/AF2/predictions/ppi_benchmark/v1br_human___2019,unrelaxed_model_1_multimer_v3_pred_0.pdb,result_model_1_multimer_v3_pred_0.pkl
A,B,0.548,445,0.168,0.192,0.288,38.72,1,0,/groups/scienceai/kcd635/AF2/predictions/ppi_benchmark/galr3_human___612,unrelaxed_model_1_multimer_v3_pred_0.pdb,result_model_1_multimer_v3_pred_0.pkl
A,B,0.445,445,0.103,0.125,0.212,36.66,1,0,/groups/scienceai/kcd635/AF2/predictions/ppi_benchmark/ccr9_human___808,unrelaxed_model_1_multimer_v3_pred_0.pdb,result_model_1_multimer_v3_pred_0.pkl
A,B,0.384,312,0.109,0.141,0.268,38.8,1,0,/groups/scienceai/kcd635/AF2/predictions/ppi_benchmark/v2r_human___3640,unrelaxed_model_1_multimer_v3_pred_0.pdb,result_model_1_multimer_v3_pred_0.pkl
A,B,0.438,111,0.13,0.152,0.241,36.75,1,0,/groups/scienceai/kcd635/AF2/predictions/ppi_benchmark/glr_human___1162,unrelaxed_model_1_multimer_v3_pred_0.pdb,result_model_1_multimer_v3_pred_0.pkl
A,B,0.347,32,0.1,0.125,0.225,34.56,1,0,/groups/scienceai/kcd635/AF2/predictions/ppi_benchmark/npff1_human___1470,unrelaxed_model_1_multimer_v3_pred_0.pdb,result_model_1_multimer_v3_pred_0.pkl
A,B,0.265,48,0.13,0.155,0.255,40.22,1,0,/groups/scienceai/kcd635/AF2/predictions/ppi_benchmark/oxyr_human___3592,unrelaxed_model_1_multimer_v3_pred_0.pdb,result_model_1_multimer_v3_pred_0.pkl
A,B,0.351,403,0.123,0.143,0.224,37.4,1,0,/groups/scienceai/kcd635/AF2/predictions/ppi_benchmark/ccr6_human___808,unrelaxed_model_1_multimer_v3_pred_0.pdb,result_model_1_multimer_v3_pred_0.pkl
A,B,0.167,133,0.12,0.143,0.237,39.5,1,0,/groups/scienceai/kcd635/AF2/predictions/ppi_benchmark/oxyr_human___4358,unrelaxed_model_1_multimer_v3_pred_0.pdb,result_model_1_multimer_v3_pred_0.pkl
A,B,0.387,30,0.126,0.148,0.236,34.6,1,0,/groups/scienceai/kcd635/AF2/predictions/ppi_benchmark/gasr_human___1699,unrelaxed_model_1_multimer_v3_pred_0.pdb,result_model_1_multimer_v3_pred_0.pkl
A,B,0.31,783,0.11,0.135,0.236,38.47,1,0,/groups/scienceai/kcd635/AF2/predictions/ppi_benchmark/cx3c1_human___808,unrelaxed_model_1_multimer_v3_pred_0.pdb,result_model_1_multimer_v3_pred_0.pkl
A,B,0.272,42,0.161,0.176,0.235,36.34,1,0,/groups/scienceai/kcd635/AF2/predictions/ppi_benchmark/cxcr5_human___2257,unrelaxed_model_1_multimer_v3_pred_0.pdb,result_model_1_multimer_v3_pred_0.pkl
A,B,0.239,58,0.094,0.119,0.222,36.3,1,0,/groups/scienceai/kcd635/AF2/predictions/ppi_benchmark/ackr2_human___681,unrelaxed_model_1_multimer_v3_pred_0.pdb,result_model_1_multimer_v3_pred_0.pkl
A,B,0.341,148,0.109,0.135,0.239,37.56,1,0,/groups/scienceai/kcd635/AF2/predictions/ppi_benchmark/cxcr6_human___810,unrelaxed_model_1_multimer_v3_pred_0.pdb,result_model_1_multimer_v3_pred_0.pkl
A,B,0.466,131,0.256,0.255,0.25,37.5,1,0,/groups/scienceai/kcd635/AF2/predictions/ppi_benchmark/cml2_human___1157,unrelaxed_model_1_multimer_v3_pred_0.pdb,result_model_1_multimer_v3_pred_0.pkl
A,B,0.375,33,0.172,0.189,0.258,35.47,1,0,/groups/scienceai/kcd635/AF2/predictions/ppi_benchmark/g37l1_human___1136,unrelaxed_model_1_multimer_v3_pred_0.pdb,result_model_1_multimer_v3_pred_0.pkl
A,B,0.496,191,0.297,0.29,0.262,35.94,1,0,/groups/scienceai/kcd635/AF2/predictions/ppi_benchmark/g37l1_human___11417,unrelaxed_model_1_multimer_v3_pred_0.pdb,result_model_1_multimer_v3_pred_0.pkl
A,B,0.457,2928,0.134,0.167,0.297,38.34,1,0,/groups/scienceai/kcd635/AF2/predictions/ppi_benchmark/v1ar_human___3645,unrelaxed_model_1_multimer_v3_pred_0.pdb,result_model_1_multimer_v3_pred_0.pkl
A,B,0.549,405,0.121,0.143,0.231,37.66,1,0,/groups/scienceai/kcd635/AF2/predictions/ppi_benchmark/fpr2_human___3542,unrelaxed_model_1_multimer_v3_pred_0.pdb,result_model_1_multimer_v3_pred_0.pkl
A,B,0.26,48,0.101,0.127,0.232,35.25,1,0,/groups/scienceai/kcd635/AF2/predictions/ppi_benchmark/nk3r_human___1504,unrelaxed_model_1_multimer_v3_pred_0.pdb,result_model_1_multimer_v3_pred_0.pkl
A,B,0.355,32,0.107,0.129,0.216,36.6,1,0,/groups/scienceai/kcd635/AF2/predictions/ppi_benchmark/npy2r_human___1152,unrelaxed_model_1_multimer_v3_pred_0.pdb,result_model_1_multimer_v3_pred_0.pkl
A,B,0.421,412,0.101,0.124,0.218,36.6,1,0,/groups/scienceai/kcd635/AF2/predictions/ppi_benchmark/ccr3_human___3542,unrelaxed_model_1_multimer_v3_pred_0.pdb,result_model_1_multimer_v3_pred_0.pkl
A,B,0.411,555,0.141,0.168,0.276,39.1,1,0,/groups/scienceai/kcd635/AF2/predictions/ppi_benchmark/galr3_human___1790,unrelaxed_model_1_multimer_v3_pred_0.pdb,result_model_1_multimer_v3_pred_0.pkl
A,B,0.376,78,0.109,0.139,0.258,37.84,1,0,/groups/scienceai/kcd635/AF2/predictions/ppi_benchmark/mc4r_human___2089,unrelaxed_model_1_multimer_v3_pred_0.pdb,result_model_1_multimer_v3_pred_0.pkl
A,B,0.414,701,0.172,0.199,0.303,41.2,1,0,/groups/scienceai/kcd635/AF2/predictions/ppi_benchmark/hrh4_human___1681,unrelaxed_model_1_multimer_v3_pred_0.pdb,result_model_1_multimer_v3_pred_0.pkl
A,B,0.329,35,0.165,0.191,0.294,40.2,1,0,/groups/scienceai/kcd635/AF2/predictions/ppi_benchmark/galr3_human___644,unrelaxed_model_1_multimer_v3_pred_0.pdb,result_model_1_multimer_v3_pred_0.pkl
A,B,0.387,206,0.109,0.132,0.226,35.34,1,0,/groups/scienceai/kcd635/AF2/predictions/ppi_benchmark/bkrb2_human___754,unrelaxed_model_1_multimer_v3_pred_0.pdb,result_model_1_multimer_v3_pred_0.pkl
A,B,0.321,36,0.108,0.134,0.24,36.6,1,0,/groups/scienceai/kcd635/AF2/predictions/ppi_benchmark/crfr1_human___3643,unrelaxed_model_1_multimer_v3_pred_0.pdb,result_model_1_multimer_v3_pred_0.pkl
A,B,0.356,40,0.141,0.164,0.256,39.47,1,0,/groups/scienceai/kcd635/AF2/predictions/ppi_benchmark/oprd_human___1162,unrelaxed_model_1_multimer_v3_pred_0.pdb,result_model_1_multimer_v3_pred_0.pkl
A,B,0.515,158,0.101,0.131,0.248,41.7,1,0,/groups/scienceai/kcd635/AF2/predictions/ppi_benchmark/mshr_human___573,unrelaxed_model_1_multimer_v3_pred_0.pdb,result_model_1_multimer_v3_pred_0.pkl
A,B,0.219,116,0.123,0.147,0.243,38.38,1,0,/groups/scienceai/kcd635/AF2/predictions/ppi_benchmark/oprx_human___921,unrelaxed_model_1_multimer_v3_pred_0.pdb,result_model_1_multimer_v3_pred_0.pkl
A,B,0.392,39,0.102,0.131,0.246,37.75,1,0,/groups/scienceai/kcd635/AF2/predictions/ppi_benchmark/pkr2_human___5654,unrelaxed_model_1_multimer_v3_pred_0.pdb,result_model_1_multimer_v3_pred_0.pkl
A,B,0.343,636,0.188,0.195,0.221,37.47,1,0,/groups/scienceai/kcd635/AF2/predictions/ppi_benchmark/ox1r_human___758,unrelaxed_model_1_multimer_v3_pred_0.pdb,result_model_1_multimer_v3_pred_0.pkl
A,B,0.438,587,0.097,0.129,0.257,36.2,1,0,/groups/scienceai/kcd635/AF2/predictions/ppi_benchmark/cxcr6_human___681,unrelaxed_model_1_multimer_v3_pred_0.pdb,result_model_1_multimer_v3_pred_0.pkl
A,B,0.372,45,0.113,0.137,0.233,35.7,1,0,/groups/scienceai/kcd635/AF2/predictions/ppi_benchmark/ntr1_human___1458,unrelaxed_model_1_multimer_v3_pred_0.pdb,result_model_1_multimer_v3_pred_0.pkl
A,B,0.333,707,0.09,0.125,0.266,38.53,1,0,/groups/scienceai/kcd635/AF2/predictions/ppi_benchmark/acthr_human___1790,unrelaxed_model_1_multimer_v3_pred_0.pdb,result_model_1_multimer_v3_pred_0.pkl
A,B,0.356,314,0.107,0.134,0.242,36.9,1,0,/groups/scienceai/kcd635/AF2/predictions/ppi_benchmark/nk1r_human___798,unrelaxed_model_1_multimer_v3_pred_0.pdb,result_model_1_multimer_v3_pred_0.pkl
A,B,0.331,213,0.174,0.185,0.231,36.06,1,0,/groups/scienceai/kcd635/AF2/predictions/ppi_benchmark/qrfpr_human___808,unrelaxed_model_1_multimer_v3_pred_0.pdb,result_model_1_multimer_v3_pred_0.pkl
A,B,0.259,69,0.169,0.185,0.249,38.03,1,0,/groups/scienceai/kcd635/AF2/predictions/ppi_benchmark/cxcr4_human___798,unrelaxed_model_1_multimer_v3_pred_0.pdb,result_model_1_multimer_v3_pred_0.pkl
A,B,0.327,78,0.112,0.14,0.249,37.75,1,0,/groups/scienceai/kcd635/AF2/predictions/ppi_benchmark/oprx_human___1681,unrelaxed_model_1_multimer_v3_pred_0.pdb,result_model_1_multimer_v3_pred_0.pkl
A,B,0.42,222,0.109,0.133,0.227,35.56,1,0,/groups/scienceai/kcd635/AF2/predictions/ppi_benchmark/npy1r_human___921,unrelaxed_model_1_multimer_v3_pred_0.pdb,result_model_1_multimer_v3_pred_0.pkl
A,B,0.412,130,0.105,0.141,0.285,39.22,1,0,/groups/scienceai/kcd635/AF2/predictions/ppi_benchmark/acthr_human___1333,unrelaxed_model_1_multimer_v3_pred_0.pdb,result_model_1_multimer_v3_pred_0.pkl
A,B,0.362,82,0.149,0.165,0.227,35.6,1,0,/groups/scienceai/kcd635/AF2/predictions/ppi_benchmark/npy5r_human___1681,unrelaxed_model_1_multimer_v3_pred_0.pdb,result_model_1_multimer_v3_pred_0.pkl
A,B,0.387,34,0.121,0.147,0.251,36.22,1,0,/groups/scienceai/kcd635/AF2/predictions/ppi_benchmark/par4_human___1579,unrelaxed_model_1_multimer_v3_pred_0.pdb,result_model_1_multimer_v3_pred_0.pkl
A,B,0.435,133,0.121,0.14,0.216,34.38,1,0,/groups/scienceai/kcd635/AF2/predictions/ppi_benchmark/ednra_human___1157,unrelaxed_model_1_multimer_v3_pred_0.pdb,result_model_1_multimer_v3_pred_0.pkl
A,B,0.368,493,0.147,0.165,0.24,36.44,1,0,/groups/scienceai/kcd635/AF2/predictions/ppi_benchmark/ccr3_human___776,unrelaxed_model_1_multimer_v3_pred_0.pdb,result_model_1_multimer_v3_pred_0.pkl
A,B,0.34,455,0.14,0.16,0.239,36.2,1,0,/groups/scienceai/kcd635/AF2/predictions/ppi_benchmark/ccr3_human___798,unrelaxed_model_1_multimer_v3_pred_0.pdb,result_model_1_multimer_v3_pred_0.pkl
A,B,0.361,107,0.103,0.125,0.21,35.3,1,0,/groups/scienceai/kcd635/AF2/predictions/ppi_benchmark/nmur2_human___1099,unrelaxed_model_1_multimer_v3_pred_0.pdb,result_model_1_multimer_v3_pred_0.pkl
A,B,0.313,41,0.093,0.119,0.223,37.66,1,0,/groups/scienceai/kcd635/AF2/predictions/ppi_benchmark/mrgx2_human___2019,unrelaxed_model_1_multimer_v3_pred_0.pdb,result_model_1_multimer_v3_pred_0.pkl
A,B,0.348,30,0.104,0.127,0.221,37.2,1,0,/groups/scienceai/kcd635/AF2/predictions/ppi_benchmark/ox2r_human___1871,unrelaxed_model_1_multimer_v3_pred_0.pdb,result_model_1_multimer_v3_pred_0.pkl
A,B,0.431,164,0.171,0.184,0.236,36.7,1,0,/groups/scienceai/kcd635/AF2/predictions/ppi_benchmark/qrfpr_human___613,unrelaxed_model_1_multimer_v3_pred_0.pdb,result_model_1_multimer_v3_pred_0.pkl
A,B,0.467,434,0.124,0.148,0.245,35.3,1,0,/groups/scienceai/kcd635/AF2/predictions/ppi_benchmark/ccr5_human___819,unrelaxed_model_1_multimer_v3_pred_0.pdb,result_model_1_multimer_v3_pred_0.pkl
A,B,0.479,364,0.095,0.121,0.224,38.03,1,0,/groups/scienceai/kcd635/AF2/predictions/ppi_benchmark/gnrhr_human___687,unrelaxed_model_1_multimer_v3_pred_0.pdb,result_model_1_multimer_v3_pred_0.pkl
A,B,0.442,112,0.188,0.193,0.216,35.5,1,0,/groups/scienceai/kcd635/AF2/predictions/ppi_benchmark/calcr_human___1162,unrelaxed_model_1_multimer_v3_pred_0.pdb,result_model_1_multimer_v3_pred_0.pkl
A,B,0.363,31,0.108,0.14,0.267,36.1,1,0,/groups/scienceai/kcd635/AF2/predictions/ppi_benchmark/nmbr_human___11417,unrelaxed_model_1_multimer_v3_pred_0.pdb,result_model_1_multimer_v3_pred_0.pkl
A,B,0.533,469,0.092,0.12,0.229,37.22,1,0,/groups/scienceai/kcd635/AF2/predictions/ppi_benchmark/fpr2_human___687,unrelaxed_model_1_multimer_v3_pred_0.pdb,result_model_1_multimer_v3_pred_0.pkl
A,B,0.337,37,0.111,0.138,0.244,34.8,1,0,/groups/scienceai/kcd635/AF2/predictions/ppi_benchmark/grpr_human___1479,unrelaxed_model_1_multimer_v3_pred_0.pdb,result_model_1_multimer_v3_pred_0.pkl
A,B,0.356,306,0.115,0.136,0.219,37.06,1,0,/groups/scienceai/kcd635/AF2/predictions/ppi_benchmark/ccr8_human___754,unrelaxed_model_1_multimer_v3_pred_0.pdb,result_model_1_multimer_v3_pred_0.pkl
A,B,0.316,54,0.142,0.169,0.276,38.16,1,0,/groups/scienceai/kcd635/AF2/predictions/ppi_benchmark/mshr_human___1997,unrelaxed_model_1_multimer_v3_pred_0.pdb,result_model_1_multimer_v3_pred_0.pkl
A,B,0.461,666,0.268,0.261,0.233,37.25,1,0,/groups/scienceai/kcd635/AF2/predictions/ppi_benchmark/cxcr5_human___758,unrelaxed_model_1_multimer_v3_pred_0.pdb,result_model_1_multimer_v3_pred_0.pkl
A,B,0.244,96,0.105,0.135,0.256,37.28,1,0,/groups/scienceai/kcd635/AF2/predictions/ppi_benchmark/ssr2_human___921,unrelaxed_model_1_multimer_v3_pred_0.pdb,result_model_1_multimer_v3_pred_0.pkl
A,B,0.312,34,0.141,0.158,0.229,35.53,1,0,/groups/scienceai/kcd635/AF2/predictions/ppi_benchmark/npy5r_human___1997,unrelaxed_model_1_multimer_v3_pred_0.pdb,result_model_1_multimer_v3_pred_0.pkl
A,B,0.221,335,0.135,0.161,0.265,37.94,1,0,/groups/scienceai/kcd635/AF2/predictions/ppi_benchmark/ccr2_human___758,unrelaxed_model_1_multimer_v3_pred_0.pdb,result_model_1_multimer_v3_pred_0.pkl
A,B,0.357,32,0.159,0.176,0.245,37.12,1,0,/groups/scienceai/kcd635/AF2/predictions/ppi_benchmark/cml1_human___1157,unrelaxed_model_1_multimer_v3_pred_0.pdb,result_model_1_multimer_v3_pred_0.pkl
A,B,0.143,825,0.094,0.121,0.229,37.66,1,0,/groups/scienceai/kcd635/AF2/predictions/ppi_benchmark/mc5r_human___758,unrelaxed_model_1_multimer_v3_pred_0.pdb,result_model_1_multimer_v3_pred_0.pkl
A,B,0.194,1155,0.422,0.383,0.229,39.72,1,0,/groups/scienceai/kcd635/AF2/predictions/ppi_benchmark/cxcr2_human___819,unrelaxed_model_1_multimer_v3_pred_0.pdb,result_model_1_multimer_v3_pred_0.pkl
A,B,0.258,141,0.219,0.228,0.264,36.16,1,0,/groups/scienceai/kcd635/AF2/predictions/ppi_benchmark/apj_human___612,unrelaxed_model_1_multimer_v3_pred_0.pdb,result_model_1_multimer_v3_pred_0.pkl
A,B,0.294,168,0.102,0.126,0.222,34.78,1,0,/groups/scienceai/kcd635/AF2/predictions/ppi_benchmark/trfr_human___1490,unrelaxed_model_1_multimer_v3_pred_0.pdb,result_model_1_multimer_v3_pred_0.pkl
A,B,0.474,234,0.11,0.129,0.206,33.25,1,0,/groups/scienceai/kcd635/AF2/predictions/ppi_benchmark/c3ar_human___1643,unrelaxed_model_1_multimer_v3_pred_0.pdb,result_model_1_multimer_v3_pred_0.pkl
A,B,0.342,30,0.168,0.188,0.268,38.88,1,0,/groups/scienceai/kcd635/AF2/predictions/ppi_benchmark/npbw1_human___2019,unrelaxed_model_1_multimer_v3_pred_0.pdb,result_model_1_multimer_v3_pred_0.pkl
A,B,0.377,28,0.099,0.124,0.227,36.94,1,0,/groups/scienceai/kcd635/AF2/predictions/ppi_benchmark/mc5r_human___5895,unrelaxed_model_1_multimer_v3_pred_0.pdb,result_model_1_multimer_v3_pred_0.pkl
A,B,0.346,51,0.193,0.208,0.265,41.88,1,0,/groups/scienceai/kcd635/AF2/predictions/ppi_benchmark/oxyr_human___2174,unrelaxed_model_1_multimer_v3_pred_0.pdb,result_model_1_multimer_v3_pred_0.pkl
A,B,0.378,634,0.097,0.123,0.23,39.12,1,0,/groups/scienceai/kcd635/AF2/predictions/ppi_benchmark/gipr_human___3542,unrelaxed_model_1_multimer_v3_pred_0.pdb,result_model_1_multimer_v3_pred_0.pkl
A,B,0.284,773,0.108,0.135,0.24,40.44,1,0,/groups/scienceai/kcd635/AF2/predictions/ppi_benchmark/gipr_human___1298,unrelaxed_model_1_multimer_v3_pred_0.pdb,result_model_1_multimer_v3_pred_0.pkl
A,B,0.414,58,0.084,0.111,0.221,35.66,1,0,/groups/scienceai/kcd635/AF2/predictions/ppi_benchmark/ackr1_human___1470,unrelaxed_model_1_multimer_v3_pred_0.pdb,result_model_1_multimer_v3_pred_0.pkl
A,B,0.304,33,0.162,0.182,0.265,36.34,1,0,/groups/scienceai/kcd635/AF2/predictions/ppi_benchmark/ghrhr_human___2257,unrelaxed_model_1_multimer_v3_pred_0.pdb,result_model_1_multimer_v3_pred_0.pkl
A,B,0.343,30,0.092,0.114,0.204,35.62,1,0,/groups/scienceai/kcd635/AF2/predictions/ppi_benchmark/oprm_human___3542,unrelaxed_model_1_multimer_v3_pred_0.pdb,result_model_1_multimer_v3_pred_0.pkl
A,B,0.345,69,0.139,0.157,0.228,35.38,1,0,/groups/scienceai/kcd635/AF2/predictions/ppi_benchmark/npy1r_human___1298,unrelaxed_model_1_multimer_v3_pred_0.pdb,result_model_1_multimer_v3_pred_0.pkl
A,B,0.368,29,0.115,0.141,0.247,37.84,1,0,/groups/scienceai/kcd635/AF2/predictions/ppi_benchmark/mc3r_human___6067,unrelaxed_model_1_multimer_v3_pred_0.pdb,result_model_1_multimer_v3_pred_0.pkl
A,B,0.346,30,0.142,0.158,0.22,37.9,1,0,/groups/scienceai/kcd635/AF2/predictions/ppi_benchmark/oprm_human___1298,unrelaxed_model_1_multimer_v3_pred_0.pdb,result_model_1_multimer_v3_pred_0.pkl
A,B,0.289,186,0.114,0.143,0.262,35.66,1,0,/groups/scienceai/kcd635/AF2/predictions/ppi_benchmark/gpr39_human___5336,unrelaxed_model_1_multimer_v3_pred_0.pdb,result_model_1_multimer_v3_pred_0.pkl
A,B,0.303,268,0.129,0.154,0.257,38.5,1,0,/groups/scienceai/kcd635/AF2/predictions/ppi_benchmark/ackr4_human___1790,unrelaxed_model_1_multimer_v3_pred_0.pdb,result_model_1_multimer_v3_pred_0.pkl
A,B,0.512,404,0.19,0.201,0.246,36.1,1,0,/groups/scienceai/kcd635/AF2/predictions/ppi_benchmark/apj_human___1790,unrelaxed_model_1_multimer_v3_pred_0.pdb,result_model_1_multimer_v3_pred_0.pkl
A,B,0.356,31,0.12,0.148,0.26,37.84,1,0,/groups/scienceai/kcd635/AF2/predictions/ppi_benchmark/npsr1_human___1871,unrelaxed_model_1_multimer_v3_pred_0.pdb,result_model_1_multimer_v3_pred_0.pkl
A,B,0.336,87,0.096,0.127,0.249,37.4,1,0,/groups/scienceai/kcd635/AF2/predictions/ppi_benchmark/oprx_human___1620,unrelaxed_model_1_multimer_v3_pred_0.pdb,result_model_1_multimer_v3_pred_0.pkl
A,B,0.361,68,0.122,0.148,0.249,37.75,1,0,/groups/scienceai/kcd635/AF2/predictions/ppi_benchmark/mc4r_human___2090,unrelaxed_model_1_multimer_v3_pred_0.pdb,result_model_1_multimer_v3_pred_0.pkl
A,B,0.221,110,0.09,0.114,0.211,35.94,1,0,/groups/scienceai/kcd635/AF2/predictions/ppi_benchmark/mrgx2_human___1867,unrelaxed_model_1_multimer_v3_pred_0.pdb,result_model_1_multimer_v3_pred_0.pkl
A,B,0.331,40,0.094,0.126,0.252,36.25,1,0,/groups/scienceai/kcd635/AF2/predictions/ppi_benchmark/mc3r_human___1643,unrelaxed_model_1_multimer_v3_pred_0.pdb,result_model_1_multimer_v3_pred_0.pkl
